ID_Line;Name_Line;ShortName_Line;TransportMode;TransportSubmode;Type;OperatorRef;OperatorName;AdditionalOperatorsRef;NetworkName;ColourWeb_hexa;TextColourWeb_hexa;ColourPrint_CMJN;TextColourPrint_hexa;Accessibility;Audiblesigns_Available;Visualsigns_Available;ID_GroupOfLines;ShortName_GroupOfLines;Notice_Title;Notice_Text;Picto;Valid_fromDate;Valid_toDate;Status;PrivateCode;Air_Conditioning
C00001;482;482;bus;regionalBus;;1004;Keolis Ouest Val-de-Marne;;Seine Grand Orly;0055c8;ffffff;100 54 0 0;ffffff;false;true;true;A00001;VILLENEUVE-LE-ROI (place Soupault)  - VILLENEUVE-LE-ROI (place Beltrame);;;;2014-07-16;;active;522522482;partial
C00007;282;282;bus;localBus;;1004;Keolis Ouest Val-de-Marne;;Seine Grand Orly;82dc73;000000;54 0 54 0;000000;unknown;true;true;A00005;THIAIS (E. LEVASSEUR)  - VITRY-SUR-SEINE (Centre Commercial Pont de Vitry);;;;2014-07-16;;active;522522282;partial
C00014;3110;3110;bus;localBus;;1025;Keolis Portes et Val de Brie;;Pays Briard;e0b03b;000000;0 21 74 12;000000;unknown;true;true;A00012;MARLES-EN-BRIE - ROZAY-EN-BRIE - COURPALAY;;;https://data.iledefrance-mobilites.fr/api/explore/v2.1/catalog/datasets/referentiel-des-lignes/files/5a8a4037af011e9f793b1414561512cf;2014-07-16;;active;513513110;partial
C00016;3114;3114;bus;localBus;;1025;Keolis Portes et Val de Brie;;Pays Briard;f78f4b;000000;0 42 70 3;000000;unknown;true;true;A00014;OZOIR-LA-FERRIERE (GARE SNCF)  - BRIE-COMTE-ROBERT (PARKING LYCEE BLAISE PASCAL);;;https://data.iledefrance-mobilites.fr/api/explore/v2.1/catalog/datasets/referentiel-des-lignes/files/142267bf40af379009b7639744de5bde;2014-07-16;;active;513513014;partial
C00017;3118;3118;bus;localBus;;1025;Keolis Portes et Val de Brie;;Pays Briard;006db8;ffffff;100 41 0 28;ffffff;false;true;true;A00015;TOURNAN-EN-BRIE - TORCY (RER);;;https://data.iledefrance-mobilites.fr/api/explore/v2.1/catalog/datasets/referentiel-des-lignes/files/ae7f64515293169655e8023175bde18a;2014-07-16;;active;513513018;partial
C00020;3115;3115;bus;localBus;;1025;Keolis Portes et Val de Brie;;Pays Briard;8e6539;ffffff;0 29 60 44;ffffff;unknown;true;true;A00018;FAVIERES - TOURNAN-EN-BRIE;;;https://data.iledefrance-mobilites.fr/api/explore/v2.1/catalog/datasets/referentiel-des-lignes/files/8510cbcd12266306484b0400c879f0a9;2014-07-16;;active;513513221;partial
C00033;B;B;bus;regionalBus;;003;N4 Mobilités;;Sit'bus;06b8e1;000000;97 18 0 12;000000;false;unknown;unknown;A00031;LA QUEUE-EN-BRIE (LES ALOUETTES)  - PONTAULT-COMBAULT (RER RUE DE L'EST);;;;2014-07-16;;active;003351506;false
C00042;6133;6133;bus;localBus;;1017;Keolis Vélizy Vallée de la Bièvre;;Vélizy Vallées;82dc73;000000;54 0 54 0;000000;false;true;true;A00041;Chaville (Gare Rive Droite) - Vélizy Villacoublay (Base Aérienne 107);;;;2014-07-16;;active;527527011;partial
C00046;60;60;bus;expressBus;;1013;RD Saclay;;Paris Saclay;3bb2ff;000000;77 30 0 0;000000;true;true;true;A00044;Velizy Villacoublay (Résidence Europe) - Massy (Gare);;;;2014-07-16;;active;526526219;unknown
C00049;6142;6142;bus;regionalBus;;1017;Keolis Vélizy Vallée de la Bièvre;;Vélizy Vallées;00643c;ffffff;100 0 83 24;ffffff;true;true;true;A02152;Boulogne Billancourt (Pont de Sèvres) – Vélizy Villacoublay (L’onde/Maison des Arts);;;;2014-07-16;;active;527527042;partial
C00050;6123;6123;bus;regionalBus;;1017;Keolis Vélizy Vallée de la Bièvre;;Vélizy Vallées;ff82b4;000000;0 47 11 0;000000;true;true;true;A00046;Velizy Villacoublay (Centre commercial) - Versailles (Europe);;;;2014-07-16;;active;527527026;partial
C00078;16;16;bus;;;1013;RD Saclay;;Paris Saclay;e78c2a;000000;0 40 82 9;000000;unknown;unknown;unknown;A01714;IGNY (Gare RER)  - SACLAY (Razel);;;;2014-07-16;;active;526526016;unknown
C00084;437;437;bus;regionalBus;;1032;Transdev Côteaux de la Marne;;Marne et Seine;82dc73;000000;54 0 54 0;000000;true;true;true;A00077;Champigny sur Marne (Gare RER Champigny) - Pontault Combault (Gare RER Pontault Combault);;;;2014-07-16;;active;521521007;true
C00086;4511;4511;bus;regionalBus;;1033;Transdev Cœur Essonne;;Cœur d’Essonne;ff1400;ffffff;0 100 94 0;ffffff;true;true;true;A00079;STE-GENEVIEVE-DES-BOIS (GARE RER)  - STE-GENEVIEVE-DES-BOIS (L SAMPAIX);;;;2014-07-16;;active;525525309;true
C00087;4512;4512;bus;regionalBus;;1033;Transdev Cœur Essonne;;Cœur d’Essonne;ffbe00;000000;0 19 100 0;000000;true;true;true;A00079;STE-GENEVIEVE-DES-BOIS (GARE RER)  - STE-GENEVIEVE-DES-BOIS (L SAMPAIX);;;;2014-07-16;;active;525525306;true
C00103;4510;4510;bus;localBus;;1033;Transdev Cœur Essonne;;Cœur d’Essonne;d2d200;000000;23 11 100 0;000000;false;true;true;A00093;FLEURY-MEROGIS (RESIDENCE)  - STE-GENEVIEVE-DES-BOIS (CES PAUL ELUARD);;;;2014-07-16;;active;525525025;true
C00108;44;44;bus;localBus;;1011;RD Mantois;;Mantois;dfaf47;000000;0 19 88 13;000000;unknown;partial;partial;A00100;VELANNES Moulin à Vent - EPONE Gare;;;;2014-07-16;;active;000535009;unknown
C00116;33;33;bus;localBus;;1010;Keolis Seine et Oise Est;;Poissy - Les Mureaux;00643c;ffffff;100 0 83 24;ffffff;unknown;true;true;A00108;Desserte interne de Meulan-en-Yvelines;;;;2014-07-16;;active;534534563;partial
C00121;43;43;bus;localBus;;1011;RD Mantois;;Mantois;5091cb;ffffff;100 54 0 0;ffffff;unknown;partial;partial;A00113;AUBERGENVILLE Gare - FLINS SUR SEINE - AUBERGENVILLE Gare;;;;2014-07-16;;active;000535043;unknown
C00130;62;62;bus;localBus;;1010;Keolis Seine et Oise Est;;Poissy - Les Mureaux;a50034;ffffff;0 100 46 26;ffffff;unknown;true;true;A00122;Vaux-sur-Seine / Tessancourt - Les Mureaux (Lycée François Villon);;;;2014-07-16;;active;534534613;partial
C00137;5211;5211;bus;localBus;;1037;Transdev Sud Yvelines;;Centre et Sud Yvelines;9b993b;ffffff;22 0 70 44;ffffff;unknown;true;true;A00129;AUBERGENVILLE (D 113)  - ST-GERMAIN-EN-LAYE (Galliéni);;;;2014-07-16;;active;530530511;false
C00139;95-22;95-22;bus;;;1007;Transdev Vexin;;Vexin;0d99bf;ffffff;93 20 0 25;ffffff;unknown;unknown;unknown;A00131;AVERNES - CERGY;;;;2014-07-16;;active;501501022;true
C00154;21;21;bus;regionalBus;;1021;Transdev Boucle des Lys;;Saint Germain Boucles de Seine;783f04;ffffff;0 48 97 53;ffffff;true;true;true;A00142;Marly le Roi (Gare SNCF) - Le Vésinet (RER Le Vésinet Le Pecq);;;;2014-07-16;;active;532532021;partial
C00162;R3 Sud;R3S;bus;localBus;;1021;Transdev Boucle des Lys;;Saint Germain Boucles de Seine;a2c119;000000;16 0 87 24;000000;true;unknown;unknown;A02668;SAINT GERMAIN EN LAYE RER - SAINT GERMAIN EN LAYE RER;;;;2014-07-16;;active;532532135;partial
C00164;5233;5233;bus;localBus;;1037;Transdev Sud Yvelines;;Centre et Sud Yvelines;e0b03b;000000;0 7 90 2;000000;unknown;true;true;A00149;SAINT-ARNOULT-EN-YVELINES <> Gare de DOURDAN;;;;2014-07-16;;active;530530003;false
C00176;4450;4450;bus;;;1018;Francilité Ouest Essonne;;Essonne Sud Ouest;00814f;ffffff;100 0 39 49;ffffff;unknown;unknown;unknown;A00161;DOURDAN (GARE SNCF)  - PARAY-DOUAVILLE;;;;2014-07-16;;active;524524022;partial
C00187;5333;5333;bus;localBus;;1037;Transdev Sud Yvelines;;Centre et Sud Yvelines;b80c4b;ffffff;2 1 0 37;ffffff;unknown;true;true;A00171;ABLIS Rue de Boinville <> ROCHEFORT-EN-YVELINES École;;;;2014-07-16;;active;530530023;false
C00191;11;11;bus;regionalBus;;1028;Keolis Roissy Pays de France Ouest;;Roissy Ouest;c04191;ffffff;0 66 24 25;ffffff;true;true;true;A00176;GOUSSAINVILLE (Victor Bach)  - ST-DENIS (Marche);;;;2014-07-16;;active;506506011;partial
C00198;2116;2116;bus;;;1029;Keolis Roissy Pays de France Est;;Roissy Est;bb4b9b;ffffff;0 60 17 27;ffffff;unknown;true;true;A00180;VILLEPARISIS (RER)  - MITRY-MORY - COMPANS (Mairie);;;;2014-07-16;;active;014014016;partial
C00205;30 B;30 B;bus;;;1028;Keolis Roissy Pays de France Ouest;;Roissy Ouest;97d4e2;000000;33 6 0 11;000000;unknown;true;true;A00184;Gare de Goussainville (boucle par Rue Millet);;;;2014-07-16;;active;014014030;partial
C00207;R8;R8;bus;;;1028;Keolis Roissy Pays de France Ouest;;Roissy Ouest;f4a8bc;000000;0 31 23 4;000000;false;true;true;A02500;Mairie-GOUSSAINVILLE - Rue Neuve-MAREIL-EN-France;;;;2014-07-16;;active;014014302;partial
C00225;2176;2176;bus;;SEASONAL_LINE_TYPE;1029;Keolis Roissy Pays de France Est;;Roissy Est;6e491e;ffffff;0 30 100 54;ffffff;false;true;true;A00203;MITRY-MORY (villette aux aulnes)  - MITRY-MORY (collège P Langevin/Lycée Balzac);;;;2014-07-16;;active;014014116;partial
C00229;R2;R2;bus;regionalBus;;1028;Keolis Roissy Pays de France Ouest;;Roissy Ouest;f28f42;000000;0 41 73 5;000000;unknown;true;true;A00212;FOSSES (mairie annexe)  - MORTEFONTAINE (institut Saint_Dominique);;;;2014-07-16;;active;506506902;partial
C00230;R3;R3;bus;;;1028;Keolis Roissy Pays de France Ouest;;Roissy Ouest;f5a05f;000000;0 35 61 4;000000;unknown;true;true;A00213;FOSSES (RER)  - MARLY-LA-VILLE (Central Space Bat C);;;;2014-07-16;;active;506506903;partial
C00237;R112;R112;bus;;;1028;Keolis Roissy Pays de France Ouest;;Roissy Ouest;b90745;ffffff;0 96 63 27;ffffff;false;true;true;A00220;MARLY-LA-VILLE - FOSSES - ST-WITZ;;;;2014-07-16;;active;014014912;partial
C00239;R104;R104;bus;;;1028;Keolis Roissy Pays de France Ouest;;Roissy Ouest;97b6e0;ffffff;33 19 0 12;ffffff;false;true;true;A02491;Sécurité Sociale-GOUSSAINVILLE - Institut Saint-Dominique-MORTEFONTAINE;;;;2014-07-16;;active;014014104;partial
C00253;2110;2110;bus;;;1029;Keolis Roissy Pays de France Est;;Roissy Est;cfadd2;000000;1 18 0 18;000000;unknown;true;true;A00232;LE PLESSIS-L'EVEQUE (Eglise)  - LONGPERRIER (Lycée Charles de Gaulle);;;;2014-07-16;;active;014077710;partial
C00260;2163;2163;bus;;;1029;Keolis Roissy Pays de France Est;;Roissy Est;bb4b9b;ffffff;0 60 17 27;ffffff;unknown;true;true;A00239;Villeneuve-sous-Dammartin Carrefour - Claye Souilly LEP Champs de Claye;;;;2014-07-16;;active;014077756;partial
C00262;777;777;bus;;;1019;Transdev Marne-et-Ourcq;;Meaux et Ourcq;00814f;ffffff;100 0 39 49;ffffff;unknown;partial;partial;A00210;CREGY-LES-MEAUX (COLLEGE GEORGES SAND)  - CHARNY (GARE ROUTIERE);;;;2014-07-16;;active;511511777;partial
C00271;91;91;bus;localBus;;1010;Keolis Seine et Oise Est;;Poissy - Les Mureaux;ffbe00;000000;0 19 100 0;000000;unknown;true;true;A00253;Cergy (Rond-point du Haut de Gency) - Poissy (Peugeot);;;;2014-07-16;;active;534534572;partial
C00272;20;20;bus;localBus;;1010;Keolis Seine et Oise Est;;Poissy - Les Mureaux;ffbe00;000000;0 19 100 0;000000;true;true;true;A00255;Conflans-Ste-Honorine (Fin d'Oise) - Andrésy (Les Charvaux);;;;2014-07-16;;active;534534550;partial
C00274;12;12;bus;localBus;;1010;Keolis Seine et Oise Est;;Poissy - Les Mureaux;ff82b4;000000;0 47 11 0;000000;unknown;true;true;A00257;Poissy (Gare Nord) - Orgeval et Morainvilliers;;;;2014-07-16;;active;534534543;partial
C00285;24;24;bus;localBus;;1010;Keolis Seine et Oise Est;;Poissy - Les Mureaux;d2d200;000000;14 0 100 11;000000;unknown;true;true;A00268;POISSY (GARE)  - POISSY (TECHNOPARC);;;;2014-07-16;;active;534534554;partial
C00292;1;1;bus;regionalBus;;1012;Keolis Argenteuil Boucles de Seine;;Argenteuil - Boucles de Seine;8cc7ff;ffffff;45 22 0 0;ffffff;true;unknown;unknown;A00286;ARGENTEUIL (GARE D'ARGENTEUIL)  - SARTROUVILLE (GARE DE SARTROUVILLE);;;;2014-07-16;;active;000533001;partial
C00298;9;9;bus;regionalBus;;1012;Keolis Argenteuil Boucles de Seine;;Argenteuil - Boucles de Seine;ff1400;ffffff;0 100 94 0;ffffff;true;unknown;unknown;A00291;ARGENTEUIL (GARE D'ARGENTEUIL)  - SARTROUVILLE (GARE DE SARTROUVILLE);;;;2014-07-16;;active;000533009;partial
C00310;502 Scolaire;502;bus;localBus;SEASONAL_LINE_TYPE;1012;Keolis Argenteuil Boucles de Seine;;Argenteuil - Boucles de Seine;ff8c94;ffffff;0 45 42 0;ffffff;false;true;true;A00289;Gare de Sartrouville intérieure;;;;2014-07-16;;active;000533005;partial
C00316;J;J;bus;localBus;;1012;Keolis Argenteuil Boucles de Seine;;Argenteuil - Boucles de Seine;a38c57;ffffff;0 14 47 36;ffffff;true;unknown;unknown;A00284;HOUILLES - SARTROUVILLE;;;;2014-07-16;;active;000533023;partial
C00324;1;1;bus;localBus;;1012;Keolis Argenteuil Boucles de Seine;;Argenteuil - Boucles de Seine;8ce39c;ffffff;38 0 31 11;ffffff;unknown;unknown;unknown;A00301;ST-GERMAIN-EN-LAYE  - RUEIL-MALMAISON;;;;2014-07-16;;active;000533101;partial
C00341;3;3;bus;localBus;;1022;Transdev Vallée Sud;;Vallée Grand Sud Paris;b100bd;ffffff;6 100 0 26;ffffff;true;unknown;unknown;A00320;ANTONY (RER)  - ANTONY (RER Baconnets);;;;2014-07-16;;active;020149003;false
C00363;4150;4150;bus;localBus;;1015;Keolis Val d'Yerres Val de Seine;;Val d'Yerres Val de Seine;d282be;000000;21 38 0 0;000000;unknown;unknown;unknown;A00331;VIGNEUX-SUR-SEINE - MONTGERON - DRAVEIL - VIGNEUX-SUR-SEINE;;;;2014-07-16;;active;520520002;partial
C00364;4159;4159;bus;localBus;;1015;Keolis Val d'Yerres Val de Seine;;Val d'Yerres Val de Seine;d2d200;000000;14 0 100 11;000000;unknown;unknown;unknown;A00332;EVRY (Notre-Dame de Sion)  - DRAVEIL - MONTGERON - BRUNOY (Hautes Mardelles);;;https://data.iledefrance-mobilites.fr/api/explore/v2.1/catalog/datasets/referentiel-des-lignes/files/4fbc525af71cc12cfaa82e520e5c6c8d;2014-07-16;;active;520520004;partial
C00365;4160;4160;bus;localBus;;1015;Keolis Val d'Yerres Val de Seine;;Val d'Yerres Val de Seine;a0006e;ffffff;26 85 0 0;ffffff;unknown;unknown;unknown;A00333;MONTGERON (Lycée)  - DRAVEIL - JUVISY-SUR-ORGE (Gare routière);;;https://data.iledefrance-mobilites.fr/api/explore/v2.1/catalog/datasets/referentiel-des-lignes/files/4df10bcbed59f93e85497855c76fdcd5;2014-07-16;;active;520520105;partial
C00385;4203;4203;bus;regionalBus;;1038;TISSE;;Evry Centre Essonne;0055c8;ffffff;100 58 0 22;ffffff;unknown;unknown;unknown;A00346;CORBEIL-ESSONNES (SNECMA)  - LE COUDRAY-MONTCEAUX (TERMINAL D. DOUILLET);;;https://data.iledefrance-mobilites.fr/api/explore/v2.1/catalog/datasets/referentiel-des-lignes/files/553e704cb341bdf9cf354d2992465c44;2014-07-16;;active;024309301;partial
C00393;95-05;95-05;bus;localBus;;1007;Transdev Vexin;;Vexin;0000ff;ffffff;100 100 0 0;ffffff;unknown;unknown;unknown;A00351;BERVILLE (LAVOIR)  - CERGY (PREFECTURE);;;;2014-07-16;;active;501501005;true
C00394;95-07;95-07;bus;localBus;;1007;Transdev Vexin;;Vexin;bfff00;000000;25 0 100 0;000000;unknown;unknown;unknown;A00352;PARMAIN (JOUY-LE-COMTE)  - CERGY (PREFECTURE);;;;2014-07-16;;active;501501007;partial
C00401;5315;5315;bus;;;1037;Transdev Sud Yvelines;;Centre et Sud Yvelines;8e6539;ffffff;0 13 76 61;ffffff;unknown;false;false;A00359;LES MESNULS (Château)  - VERSAILLES (Gare Routière);;;;2014-07-16;;active;530530205;false
C00416;5112;5112;bus;;;1023;Francilité Saint-Quentin-en-Yvelines;;Saint-Quentin-en-Yvelines;ff82b4;000000;0 47 11 0;000000;unknown;partial;partial;A00370;LES CLAYES SOUS BOIS - NOISY-LE-ROI (Gare SNCF);;;;2014-07-16;;active;529529020;partial
C00436;1353;1353;bus;localBus;;1039;Keolis Nord Val d’Oise;;Haut Val d'Oise;b90745;ffffff;0 100 46 27;ffffff;unknown;true;true;A00381;TAVERNY - CHAUVRY;;;;2014-07-16;;active;030030004;partial
C00464;30-38;30-38;bus;localBus;;1041;Francilité Val Parisis;;Val Parisis;8c072f;ffffff;0 100 50 50;ffffff;true;true;true;A00406;MONTIGNY-LES-CORMEILLES - CORMEILLES-EN-PARISIS;;;;2014-07-16;;active;030030038;unknown
C00471;95-03A;95-03A;bus;expressBus;;1041;Francilité Val Parisis;;Val Parisis;2291d0;ffffff;77 30 0 0;ffffff;true;true;true;A00411;MONTIGNY BEAUCHAMP GARE - CERGY PREFECTURE;;;;2014-07-16;;active;030195003;unknown
C00472;95-03B;95-03B;bus;expressBus;;1041;Francilité Val Parisis;;Val Parisis;2291d0;ffffff;77 30 0 0;ffffff;true;true;true;A02485;CERGY PREFECTURE - MARGENCY HOTEL DE VILLE;;;;2014-07-16;;active;030195004;unknown
C00477;95-21;95-21;bus;localBus;;1041;Francilité Val Parisis;;Val Parisis;d4a677;ffffff;0 30 50 20;ffffff;unknown;true;true;A00414;HERBLAY (Gare)  - MONTIGNY-LES-CORMEILLES (Gare);;;;2014-07-16;;active;030195021;unknown
C00479;Navette de Bouffemont;Navette;bus;localBus;;1041;Francilité Val Parisis;;;008fd3;ffffff;78 12 0 0;ffffff;false;true;true;A01287;Navette Bouffemont;;;;2014-07-16;;active;038595040;unknown
C00488;5232;5232;bus;;;1037;Transdev Sud Yvelines;;Centre et Sud Yvelines;bb4b9b;ffffff;0 23 16 25;000000;unknown;false;false;A00424;ST-REMY-LES-CHEVREUSE (Gare RER)  - GIF-SUR-YVETTE (Gare de Courcelle-Lycée de la Vallée);;;;2014-07-16;;active;530530002;false
C00498;5363;5363;bus;;;1037;Transdev Sud Yvelines;;Centre et Sud Yvelines;662d91;ffffff;52 58 0 43;ffffff;unknown;false;false;A00432;ST-REMY-LES-CHEVREUSE - LIMOURS - BONNELLES;;;;2014-07-16;;active;530530013;false
C00505;5282;5282;bus;;;1037;Transdev Sud Yvelines;;Centre et Sud Yvelines;ed1c2a;ffffff;0 19 34 18;000000;false;false;false;A00438;BRIIS-SOUS-FORGES (Collège Jean MONNET)  - BRIIS-SOUS-FORGES (COLLEGE JEAN MONNET);;;;2014-07-16;;active;530530028;false
C00507;5284;5284;bus;;;1037;Transdev Sud Yvelines;;Centre et Sud Yvelines;ffcd03;000000;0 19 34 18;000000;false;false;false;A02880;BRIIS-SOUS-FORGES (Collège Jean MONNET);;;;2014-07-16;;active;530530121;false
C00508;5285;5285;bus;;;1037;Transdev Sud Yvelines;;Centre et Sud Yvelines;e0b03b;000000;0 19 34 18;000000;false;false;false;A02881;BRIIS-SOUS-FORGES (Collège Jean MONNET);;;;2014-07-16;;active;530530122;false
C00509;5286;5286;bus;;;1037;Transdev Sud Yvelines;;Centre et Sud Yvelines;8e6539;ffffff;0 19 34 18;000000;false;false;false;A02882;BRIIS-SOUS-FORGES (Collège Jean MONNET);;;;2014-07-16;;active;530530124;false
C00515;5279;5279;bus;;;1037;Transdev Sud Yvelines;;Centre et Sud Yvelines;f78f4b;000000;0 43 56 24;ffffff;false;false;false;A02889;LIMOURS (Lycée Jules VERNES) - LIMOURS (Desserte du lycée Jules Verne);;;;2014-07-16;;active;530530097;false
C00520;13;13;bus;;;1013;RD Saclay;;Paris Saclay;78c4ee;000000;49 17 0 7;000000;unknown;unknown;unknown;A00442;GIF-SUR-YVETTE - GIF-SUR-YVETTE;;;;2014-07-16;;active;526526032;unknown
C00521;5153;5153;bus;;;1036;Francilité Express Ouest;;Lignes Île-de-France Ouest;00643c;ffffff;100 0 83 55;ffffff;unknown;true;true;A00443;BOULOGNE-BILLANCOURT (PONT DE BILLANCOURT)  - GUYANCOURT (TROU BERGER);;;https://data.iledefrance-mobilites.fr/api/explore/v2.1/catalog/datasets/referentiel-des-lignes/files/87ae1ed2ae2efc0e2d300a9059b8b7f0;2014-07-16;2030-12-31;active;039039034;unknown
C00524;5236;5236;bus;;;1037;Transdev Sud Yvelines;;Centre et Sud Yvelines;bb4b9b;ffffff;13 31 0 27;ffffff;false;false;false;A00445;RAMBOUILLET (Collège C. de Vivonne)  - AUFFARGIS (Petite Hogue);;;;2014-07-16;;active;530530036;false
C00529;5352;5352;bus;;;1037;Transdev Sud Yvelines;;Centre et Sud Yvelines;78c696;000000;25 0 49 23;000000;unknown;unknown;unknown;A00448;CERNAY-LA-VILLE (LES COTTAGES)  - RAMBOUILLET (GARE ROUTIERE ARBOUVILLE);;;;2014-07-16;;active;530530203;false
C00530;6163;6163;bus;;;1017;Keolis Vélizy Vallée de la Bièvre;;Vélizy Vallées;d282be;000000;21 38 0 0;000000;unknown;true;true;A00454;Yvelines 263;;;;2014-07-16;;active;527527263;partial
C00533;5340;5340;bus;;;1037;Transdev Sud Yvelines;;Centre et Sud Yvelines;bb4b9b;ffffff;16 94 0 31;ffffff;unknown;false;false;A00451;ST-REMY-LES-CHEVREUSE (Gare RER)  - CHEVREUSE (Petits ponts.);;;;2014-07-16;;active;530530403;false
C00540;5193;5193;bus;localBus;;1023;Francilité Saint-Quentin-en-Yvelines;;Saint-Quentin-en-Yvelines;82dc73;000000;54 0 54 0;000000;unknown;unknown;unknown;A02678;GUYANCOURT E. Viollet Le Duc – SAINT REMY LES CHEVREUSE Gare;;;;2014-07-16;;active;529529103;true
C00541;5194;5194;bus;localBus;;1023;Francilité Saint-Quentin-en-Yvelines;;Saint-Quentin-en-Yvelines;a50034;ffffff;0 100 46 26;ffffff;unknown;true;true;A02679;MONTIGNY LE BRETONNEUX Collège Saint-François d’Assise – SAINT REMY LES CHEVREUSE Gare;;;;2014-07-16;;active;529529104;true
C00542;5195;5195;bus;localBus;;1023;Francilité Saint-Quentin-en-Yvelines;;Saint-Quentin-en-Yvelines;82c8e6;000000;44 0 12 0;000000;unknown;true;true;A02680;MONTIGNY LE BRETONNEUX Collège Saint-François d’Assise – GUYANCOURT Bouviers;;;;2014-07-16;;active;529529105;partial
C00551;423;423;bus;regionalBus;;1025;Keolis Portes et Val de Brie;;Pays Briard;f78f4b;000000;0 42 70 3;000000;unknown;true;true;A00464;CRETEIL (préfecture)  - BRIE-COMTE-ROBERT (Piscine);;;https://data.iledefrance-mobilites.fr/api/explore/v2.1/catalog/datasets/referentiel-des-lignes/files/15b57d2622d54a0f2fa3bebb2c94325a;2014-07-16;;active;513513123;partial
C00553;432;432;bus;localBus;;1032;Transdev Côteaux de la Marne;;Marne et Seine;ff1400;ffffff;0 100 94 0;ffffff;unknown;true;true;A00466;SUCY-EN-BRIE (R.E.R.)  - NOISEAU (POSTE);;;;2014-07-16;;active;521521002;true
C00594;429;429;bus;localBus;;1032;Transdev Côteaux de la Marne;;Marne et Seine;ff82b4;000000;0 47 11 0;000000;true;true;true;A00502;CROSNE (PLAINE HAUTE)  - CRETEIL (EDISON);;;;2014-07-16;;active;521521030;true
C00597;449;449;bus;localBus;;1032;Transdev Côteaux de la Marne;;Marne et Seine;0055c8;ffffff;100 54 0 0;ffffff;unknown;true;true;A00504;VILLECRESNES (CES)  - VILLECRESNES (CES);;;;2014-07-16;;active;521521026;true
C00609;22;22;bus;;;1028;Keolis Roissy Pays de France Ouest;;Roissy Ouest;fece00;000000;0 19 100 0;000000;unknown;true;true;A00519;ARNOUVILLE-LES-GONESSE (RER)  - VILLIERS-LE-BEL - TREMBLAY-EN-FRANCE (ROISSY POLE RER);;;;2014-07-16;;active;050050022;partial
C00610;23;23;bus;;;1028;Keolis Roissy Pays de France Ouest;;Roissy Ouest;e3051b;ffffff;0 98 88 11;ffffff;unknown;true;true;A00520;ARNOUVILLE-LES-GONESSE (VILLIERS LE BEL RER)  - VILLEPINTE (PARC DES EXPOSITIONS RER);;;;2014-07-16;;active;050050023;partial
C00619;2252;2252;bus;localBus;;1002;Transdev Marne-la-Vallée;;Marne-la-Vallée;82c8e6;000000;69 34 0 0;000000;unknown;true;true;A00527;THORIGNY-SUR-MARNE - THORIGNY-SUR-MARNE;;;;2014-07-16;;active;510510007;partial
C00620;2251;2251;bus;localBus;;1002;Transdev Marne-la-Vallée;;Marne-la-Vallée;ff82b4;000000;0 47 11 0;000000;unknown;true;true;A00528;THORIGNY-SUR-MARNE (THORIGNY CORNILLOT)  - THORIGNY-SUR-MARNE (THORIGNY CORNILLOT);;;;2014-07-16;;active;510510012;partial
C00622;2250;2250;bus;localBus;;1002;Transdev Marne-la-Vallée;;Marne-la-Vallée;71cc98;000000;45 0 25 20;000000;unknown;true;true;A00530;THORIGNY-SUR-MARNE (Gare) - DAMPMART - THORIGNY-SUR-MARNE (Gare);;;;2014-07-16;;active;510510014;partial
C00623;2291;2291;bus;localBus;;1002;Transdev Marne-la-Vallée;;Marne-la-Vallée;6e491e;ffffff;0 30 100 54;ffffff;unknown;true;true;A00531;THORIGNY-SUR-MARNE (SNCF)  - CLAYE-SOUILLY (CLAYE-SOUILLY);;;;2014-07-16;;active;510510015;partial
C00625;2221;2221;bus;localBus;;1002;Transdev Marne-la-Vallée;;Marne-la-Vallée;d2d200;000000;14 0 100 11;000000;unknown;true;true;A00533;LAGNY-SUR-MARNE (LAGNY SNCF)  - TORCY (R.E.R.);;;;2014-07-16;;active;510510021;partial
C00630;2229;2229;bus;regionalBus;;1002;Transdev Marne-la-Vallée;;Marne-la-Vallée;00643c;ffffff;100 0 83 24;ffffff;unknown;true;true;A00538;LAGNY-SUR-MARNE (SNCF)  - TORCY (RER);;;;2014-07-16;;active;510510029;partial
C00635;2233;2233;bus;regionalBus;;1002;Transdev Marne-la-Vallée;;Marne-la-Vallée;6e491e;ffffff;0 30 100 54;ffffff;true;true;true;A00543;SERRIS (Val d'Europe)  - CHESSY (Chessy Gares);;;;2014-07-16;;active;510510043;partial
C00639;Express 19;19Ex;bus;expressBus;;101;STBC;;Seine et Marne Express;3bb2ff;ffffff;77 30 0 0;ffffff;unknown;unknown;unknown;A00548;TORCY (GARE RER)  - ROISSY-EN-FRANCE (GARE RER SNCF);;;;2014-07-16;;active;101377019;false
C00655;Express 100;EX 100;bus;expressBus;;1010;Keolis Seine et Oise Est;;Poissy - Les Mureaux;3c91dc;ffffff;69 34 0 0;ffffff;false;true;true;A01517;Les Mureaux - Saint Quentin en Yvelines;;;;2014-07-16;;active;534534100;partial
C00662;4540;4540;bus;;;1033;Transdev Cœur Essonne;;Cœur d’Essonne;82c8e6;000000;44 0 12 0;000000;unknown;true;true;A00570;ST-MICHEL-SUR-ORGE (RER)  - STE-GENEVIEVE-DES-BOIS (CROIX BLANCHE);;;;2014-07-16;;active;525525202;partial
C00681;4538;4538;bus;;;1033;Transdev Cœur Essonne;;Cœur d’Essonne;82c8e6;000000;44 0 12 0;000000;unknown;true;true;A00585;BRETIGNY-SUR-ORGE (RER)  - LEUVILLE-SUR-ORGE (Place des FFI);;;;2014-07-16;;active;525525019;partial
C00684;4522;4522;bus;;;1033;Transdev Cœur Essonne;;Cœur d’Essonne;d282be;000000;21 38 0 0;000000;true;true;true;A00587;MORSANG-SUR-ORGE (LIBERATION)  - SAVIGNY-SUR-ORGE;;;;2014-07-16;;active;525525031;partial
C00688;4556;4556;bus;;;1033;Transdev Cœur Essonne;;Cœur d’Essonne;ff82b4;000000;0 47 11 0;000000;true;true;true;A00592;ARPAJON (GARE RER)  - ST-GERMAIN-LES-ARPAJON - OLLAINVILLE (ROND POINT);;;;2014-07-16;;active;525525026;partial
C00693;6202;6202;bus;regionalBus;;1034;Transdev Versailles;;Grand Versailles;0055c8;ffffff;100 54 0 0;ffffff;true;true;true;A00598;ROCQUENCOURT (INRIA)  - VERSAILLES (Porchefontaine);;;;2014-07-16;;active;528528002;partial
C00694;6203;6203;bus;regionalBus;;1034;Transdev Versailles;;Grand Versailles;00643c;ffffff;100 0 28 61;ffffff;true;true;true;A00599;LE CHESNAY-ROCQUENCOURT Hôpital A. Mignot Accueil - VERSAILLES Satory;;;;2014-07-16;;active;528528003;partial
C00696;6205;6205;bus;;;1034;Transdev Versailles;;Grand Versailles;a0006e;ffffff;0 100 31 37;ffffff;true;true;true;A00601;LE CHESNAY-ROCQUENCOURT Coeur de Bourg- VERSAILLES Bernard de Jussieu;;;;2014-07-16;;active;528528005;partial
C00702;6135;6135;bus;localBus;;1017;Keolis Vélizy Vallée de la Bièvre;;Vélizy Vallées;82c8e6;000000;44 0 12 0;000000;unknown;true;true;A00607;VERSAILLES (Gare Rive Gauche)  - SACLAY (Le Christ);;;;2014-07-16;;active;527527114;partial
C00730;7;7;bus;localBus;;1011;RD Mantois;;Mantois;ffcc30;000000;0 19 100 0;000000;unknown;true;true;A00630;FRENEUSE - BONNIERES SUR SEINE;;;;2014-07-16;;active;000535107;unknown
C00734;16;16;bus;localBus;;1011;RD Mantois;;Mantois;006fb6;ffffff;100 54 0 0;ffffff;unknown;partial;partial;A00635;GUERNES Mairie - SAINT MARTIN LA GARENNE - LIMAY - ISSOU - PORCHEVILLE Lycée Lavoisier;;;;2014-07-16;;active;000535016;unknown
C00738;20;20;bus;localBus;;1011;RD Mantois;;Mantois;c4a4cc;000000;21 38 0 0;000000;unknown;partial;partial;A00639;JUZIERS - ISSOU - GARGENVILLE - LIMAY Lycée Condorcet;;;;2014-07-16;;active;000535020;unknown
C00751;109;109;bus;localBus;;1011;RD Mantois;;Mantois;dfaf47;ffffff;0 19 88 13;ffffff;unknown;true;true;A00646;PORCHEVILLE Foyer - ISSOU Collège Cartier;;;;2014-07-16;;active;000535209;unknown
C00754;Express A14 Verneuil;A14;bus;expressBus;;1010;Keolis Seine et Oise Est;;Poissy - Les Mureaux;3c91dc;ffffff;69 34 0 0;ffffff;false;true;true;A01395;Express A14 : Verneuil;;;;2014-07-16;;active;534534102;partial
C00781;1226;1226;bus;localBus;;1040;Francilité Seine et Oise;;Cergy-Pontoise Confluence;6e491e;ffffff;0 30 100 54;ffffff;true;true;true;A00670;PONTOISE (CANROBERT)  - MERY-SUR-OISE (GARE);;;;2014-07-16;;active;059440056;true
C00782;1232;1232;bus;localBus;;1040;Francilité Seine et Oise;;Cergy-Pontoise Confluence;00643c;ffffff;100 0 83 24;ffffff;true;true;true;A00671;OSNY (STADE C. LEON)  - ST-OUEN-L'AUMONE (LYCEE TECHNIQUE J PERRIN);;;;2014-07-16;;active;059440057;true
C00783;1228;1228;bus;localBus;;1040;Francilité Seine et Oise;;Cergy-Pontoise Confluence;82c8e6;000000;44 0 12 0;000000;true;true;true;A00672;PONTOISE (CANROBERT)  - ST-OUEN-L'AUMONE (AVENUE DE LA MARE);;;;2014-07-16;;active;059440058;true
C00791;3444;3444;bus;localBus;;1026;Transdev Pays de Fontainebleau;;Fontainebleau - Moret;00643c;ffffff;100 0 83 24;ffffff;unknown;true;true;A00678;LE CHATELET-EN-BRIE - BOIS-LE-ROI;;;;2014-07-16;;active;516516044;partial
C00798;Express 46;46;bus;expressBus;;1027;Francilité Pays de Montereau;;Pays de Montereau;4d90cd;ffffff;97 30 0 20;ffffff;false;true;true;A00685;MONTEREAU-FAUT-YONNE (GARE)  - MELUN (GARE);;;;2014-07-16;;active;062177046;unknown
C00803;3106;3106;bus;localBus;;1025;Keolis Portes et Val de Brie;;Pays Briard;e0b03b;000000;0 21 74 12;000000;unknown;true;true;A00688;CHEVRY-COSSIGNY (Cossigny)  - MELUN (QUAI DE LA COURTILLE);;;https://data.iledefrance-mobilites.fr/api/explore/v2.1/catalog/datasets/referentiel-des-lignes/files/acc7789a317a461fcae92b924f62fa79;2014-07-16;;active;513513006;partial
C00814;3665;3665;bus;localBus;;1009;Transdev Melun;;Grand Melun;5a230a;ffffff;54 68 100 0;ffffff;unknown;true;true;A00694;BOISSISE-LE-ROI (RIVE DE SEINE)  - PERTHES (COLLEGE);;;;2014-07-16;;active;518518115;partial
C00815;34;34;bus;expressBus;;1031;Transdev Vallée du Loing;;Vallée du Loing - Nemours;3c91dc;ffffff;69 34 0 0;ffffff;false;true;true;A00699;CHATEAU-LANDON (PLACE DE VERDUN)  - MELUN (PLACE DE L'ERMITAGE);;;;2014-07-16;;active;517517034;true
C00830;3536;3536;bus;localBus;;1031;Transdev Vallée du Loing;;Vallée du Loing - Nemours;00643c;ffffff;100 0 83 24;ffffff;false;true;true;A00714;HERICY (FONTAINEROUX)  - BAGNEAUX-SUR-LOING (HOTEL DE VILLE);;;;2014-07-16;;active;517517017;partial
C00832;3501;3501;bus;localBus;;1031;Transdev Vallée du Loing;;Vallée du Loing - Nemours;dc9600;000000;0 19 88 13;000000;unknown;true;true;A00716;BAGNEAUX-SUR-LOING (FROMONCEAU)  - ST-PIERRE-LES-NEMOURS (SAINT PIERRE CHAINTREAUVILLE);;;;2014-07-16;;active;517517020;partial
C00835;3505;3505;bus;regionalBus;;1031;Transdev Vallée du Loing;;Vallée du Loing - Nemours;0055c8;ffffff;100 54 0 0;ffffff;unknown;true;true;A00719;NEMOURS (CARREFOUR DE L'EUROPE)  - ST-PIERRE-LES-NEMOURS (NEMOURS BEAUREGARD);;;;2014-07-16;;active;517517024;partial
C00837;3751;3751;bus;localBus;;1003;Transdev Senart;;Sénart;640082;ffffff;75 100 0 0;ffffff;false;true;true;A00721;LIEUSAINT (gare RER)  - MONTEREAU-SUR-LE-JARD (VILLAROCHE NORD);;;;2014-07-16;;active;519519051;false
C00859;Tzen1;Tzen1;bus;highFrequencyBus;;1003;Transdev Senart;;Sénart;d2d200;000000;14 0 100 11;000000;true;true;true;A00740;LIEUSAINT (LIEUSAINT / MOISSY GARE RER)  - CORBEIL-ESSONNES (CORBEIL ESSONNES GARE RER);;;;2014-07-16;;active;519519100;false
C00865;3724;3724;bus;regionalBus;;1003;Transdev Senart;;Sénart;ff1400;ffffff;0 100 94 0;ffffff;true;true;true;A00746;Lieusaint/Moissy (Gare RER) - Lieusaint/Moissy (Gare RER);;;;2014-07-16;;active;519519127;false
C00879;3602;3602;bus;regionalBus;;1009;Transdev Melun;;Grand Melun;0055c8;ffffff;100 54 0 0;ffffff;true;true;true;A00759;MELUN (GARE DE MELUN)  - MELUN (SCHUMANN);;;;2014-07-16;;active;518518023;true
C00891;3611;3611;bus;localBus;;1009;Transdev Melun;;Grand Melun;00a092;ffffff;82 0 54 0;ffffff;unknown;true;true;A00695;BOISSISE-LE-ROI - DAMMARIE-LES-LYS - LE MEE-SUR-SEINE;;;;2014-07-16;;active;518518036;true
C00893;3652;3652;bus;localBus;;1009;Transdev Melun;;Grand Melun;a50034;ffffff;5 100 48 22;ffffff;unknown;true;true;A02511;LA CHESNAIE - SEINE PORT - VOISENON NAZARETH;;;;2014-07-16;;active;518518057;partial
C00903;2262;2262;bus;localBus;;1002;Transdev Marne-la-Vallée;;Marne-la-Vallée;82dc73;000000;44 0 12 0;000000;unknown;true;true;A00772;COUPVRAY - ESBLY - CHESSY;;;;2014-07-16;;active;510510006;partial
C00905;8A;8A;bus;localBus;;1020;Transdev Brie et 2 Morin;;Brie et 2 Morin;a17a70;ffffff;0 24 30 37;ffffff;unknown;unknown;unknown;A00774;CRECY-LA-CHAPELLE (GARE SNCF)  - CRECY-LA-CHAPELLE (GARE SNCF);;;;2014-07-16;;active;512512008;true
C00912;L;L;bus;localBus;;1019;Transdev Marne-et-Ourcq;;Meaux et Ourcq;b1d0b7;000000;12 0 10 18;000000;unknown;unknown;unknown;A00780;TRILBARDOU (PLACE DES TILLEULS)  - ESBLY (GARE SNCF);;;;2014-07-16;;active;511511017;partial
C00914;19;19;bus;regionalBus;;1019;Transdev Marne-et-Ourcq;;Meaux et Ourcq;f79036;000000;0 42 78 3;000000;unknown;unknown;unknown;A00782;MEAUX - CHESSY - SERRIS (R.E.R.);;;;2014-07-16;;active;511511019;partial
C00925;34S1;34S1;bus;localBus;;1020;Transdev Brie et 2 Morin;;Brie et 2 Morin;dc9600;000000;13 30 90 0;000000;false;unknown;unknown;A02616;VERDELOT (Mairie) - SABLONNIERES - BOITRON - LA FERTE-SOUS-JOUARRE (Gare SNCF);;;;2014-07-16;;active;512512134;true
C00930;46;46;bus;localBus;;1019;Transdev Marne-et-Ourcq;;Meaux et Ourcq;914499;ffffff;5 56 0 40;ffffff;unknown;unknown;unknown;A00797;VINCY-MANOEUVRE - LIZY-SUR-OURCQ (S.N.C.F.);;;;2014-07-16;;active;511511046;partial
C00937;52;52;bus;localBus;;1019;Transdev Marne-et-Ourcq;;Meaux et Ourcq;2394d2;ffffff;83 30 0 18;ffffff;unknown;unknown;unknown;A00802;COCHEREL (centre)  - CROUY-SUR-OURCQ (Collège);;;;2014-07-16;;active;511511052;partial
C00939;54;54;bus;localBus;;1019;Transdev Marne-et-Ourcq;;Meaux et Ourcq;a38c57;ffffff;0 14 47 36;ffffff;unknown;unknown;unknown;A00804;LE PLESSIS-PLACY (Centre Bourg)  - CROUY-SUR-OURCQ (Collège);;;;2014-07-16;;active;511511054;partial
C00941;56;56;bus;;;1020;Transdev Brie et 2 Morin;;Brie et 2 Morin;ceacd2;000000;2 15 0 18;000000;unknown;unknown;unknown;A00805;MEAUX (Gare SNCF)  - FERICY (Gare SNCF);;;;2014-07-16;;active;512512056;true
C00948;R;R;bus;regionalBus;;1019;Transdev Marne-et-Ourcq;;Meaux et Ourcq;7ac597;000000;38 0 23 23;000000;unknown;unknown;unknown;A00811;LIZY-SUR-OURCQ - MARY-SUR-MARNE;;;;2014-07-16;;active;511511063;partial
C00949;K;K;bus;regionalBus;;1019;Transdev Marne-et-Ourcq;;Meaux et Ourcq;6fa8dc;000000;50 24 0 14;000000;unknown;unknown;unknown;A00812;MAREUIL-LES-MEAUX (Avenue de la Brie)  - MEAUX (Gare routière);;;;2014-07-16;;active;511511064;partial
C00955;H;H;bus;regionalBus;;1019;Transdev Marne-et-Ourcq;;Meaux et Ourcq;d81466;ffffff;0 91 53 15;ffffff;true;unknown;unknown;A00819;MEAUX (GARE ROUTIERE)  - MEAUX (GARE ROUTIERE);;;;2014-07-16;;active;511511004;partial
C00965;4576;4576;bus;localBus;;1033;Transdev Cœur Essonne;;Cœur d’Essonne;d2d200;000000;23 11 100 0;000000;unknown;true;true;A00830;MAUCHAMPS (EGLISE)  - ST-CHERON (COLLEGE DU PONT DE BOIS);;;;2014-07-16;;active;525525006;partial
C00971;4570;4570;bus;localBus;;1033;Transdev Cœur Essonne;;Cœur d’Essonne;dc9600;000000;13 30 90 0;000000;unknown;true;true;A00836;BREUILLET (GUISSERAY)  - OLLAINVILLE (COLLEGE DE LA FONTAINE AUX BERGERS);;;;2014-07-16;;active;525525100;partial
C00975;4401;4401;bus;;;1018;Francilité Ouest Essonne;;Essonne Sud Ouest;e3b32a;000000;0 19 88 13;000000;unknown;unknown;unknown;A00840;ETAMPES (Gare RER)  - ETAMPES (Gare RER);;;;2014-07-16;;active;524524101;partial
C00976;4402;4402;bus;;;1018;Francilité Ouest Essonne;;Essonne Sud Ouest;be418e;ffffff;0 66 25 25;ffffff;unknown;unknown;unknown;A00841;ETAMPES (RER)  - ETAMPES (RER);;;;2014-07-16;;active;524524102;partial
C00990;4276;4276;bus;regionalBus;;1038;TISSE;;Evry Centre Essonne;0055c8;ffffff;100 58 0 22;ffffff;unknown;unknown;unknown;A00854;CORBEIL-ESSONNES (Lycée Doisneau)  - ST-GERMAIN-LES-CORBEIL (Collège de la Tuilerie);;;https://data.iledefrance-mobilites.fr/api/explore/v2.1/catalog/datasets/referentiel-des-lignes/files/cd0ff5362d2d2ae140fda6aac6eae1af;2014-07-16;;active;070070006;partial
C01002;3451;3451;bus;;;1026;Transdev Pays de Fontainebleau;;Fontainebleau - Moret;00643c;ffffff;100 0 83 24;ffffff;unknown;true;true;A00866;Chesnay Noisy sur Ecole <=> Stade de la faisanderie Fontainebleau;;;;2014-07-16;;active;516516101;partial
C01004;3550;3550;bus;;;1031;Transdev Vallée du Loing;;Vallée du Loing - Nemours;00a092;ffffff;82 0 54 0;ffffff;unknown;true;true;A00868;BOULANCORT - LA CHAPELLE LA REINE - NEMOURS (GARE ROUTIERE);;;;2014-07-16;;active;517517004;partial
C01005;3556;3556;bus;;;1031;Transdev Vallée du Loing;;Vallée du Loing - Nemours;6e491e;ffffff;0 30 100 54;ffffff;unknown;unknown;unknown;A00869;BUTHIERS - LA CHAPELLE-LA-REINE (Collège);;;;2014-07-16;;active;517517005;partial
C01013;4341;4341;bus;;;1016;Keolis Val d'Essonne Deux Vallées;;Essonne Sud Est;ff1400;ffffff;0 100 94 0;ffffff;unknown;unknown;unknown;A00877;MILLY-LA-FORET - FONTAINEBLEAU;;;;2014-07-16;;active;531531001;partial
C01015;4343;4343;bus;;;1016;Keolis Val d'Essonne Deux Vallées;;Essonne Sud Est;ff5a00;000000;0 53 78 0;000000;unknown;unknown;unknown;A00879;BUNO-BONNEVAUX - MAISSE;;;;2014-07-16;;active;531531003;partial
C01016;4344;4344;bus;;;1016;Keolis Val d'Essonne Deux Vallées;;Essonne Sud Est;ff82b4;000000;0 47 11 0;000000;unknown;unknown;unknown;A00880;ETAMPES - LA FERTE-ALAIS - MILLY-LA-FORET (Gare Routière);;;;2014-07-16;;active;531531004;partial
C01017;4346;4346;bus;;;1016;Keolis Val d'Essonne Deux Vallées;;Essonne Sud Est;a0006e;ffffff;26 85 0 0;ffffff;unknown;unknown;unknown;A00881;ONCY-SUR-ECOLE (MAIRIE)  - MILLY-LA-FORET - EVRY (GARE ROUTIERE);;;;2014-07-16;;active;531531006;partial
C01036;72;72;bus;;;1011;RD Mantois;;Mantois;65318f;ffffff;75 100 0 0;ffffff;unknown;true;true;A00889;LA DEFENSE - VERNON;;;;2014-07-16;;active;000535014;unknown
C01048;27;27;bus;localBus;;1020;Transdev Brie et 2 Morin;;Brie et 2 Morin;d60093;000000;0 100 31 16;000000;false;false;false;A00901;COULOMMIERS (CITE SCOLAIRE)  - REBAIS (COLLEGE JACQUES PREVERT);;;;2014-07-16;;active;512512027;true
C01053;3133;3133;bus;localBus;;1025;Keolis Portes et Val de Brie;;Pays Briard;f59eb3;000000;0 36 27 4;000000;false;true;true;A00906;VAUDOY-EN-BRIE - MARLES-EN-BRIE;;;https://data.iledefrance-mobilites.fr/api/explore/v2.1/catalog/datasets/referentiel-des-lignes/files/36c606018712b0f39e2a12e45d3be3f0;2014-07-16;;active;513513033;partial
C01063;Express 17;17Ex;bus;expressBus;;1020;Transdev Brie et 2 Morin;;Brie et 2 Morin;3bb2ff;000000;77 30 0 0;000000;unknown;partial;partial;A00916;LA FERTE-GAUCHER (AVENUE DE REBAIS)  - CHESSY (GARE RER);;;;2014-07-16;;active;512512017;true
C01082;32;32;bus;;;100;RATP;;;6e6e00;ffffff;0 0 100 57;ffffff;true;true;true;A00936;32;;;;2014-07-16;;active;100100032;false
C01084;39;39;bus;;;100;RATP;;;a0006e;ffffff;0 100 32 37;ffffff;true;true;true;A00938;39;;;;2014-07-16;;active;100100039;false
C01088;47;47;bus;;;100;RATP;;;ff82b4;000000;0 49 29 0;000000;true;true;true;A00942;47;;;;2014-07-16;;active;100100047;partial
C01090;52;52;bus;;;100;RATP;;;82c8e6;000000;43 13 0 10;000000;true;true;true;A00944;52;;;;2014-07-16;;active;100100052;false
C01093;56;56;bus;;;100;RATP;;;a0006e;ffffff;0 100 32 37;ffffff;true;true;true;A00947;56;;;;2014-07-16;;active;100100056;partial
C01098;62;62;bus;;;100;RATP;;;6e5b1e;ffffff;0 17 73 57;ffffff;true;true;true;A00952;62;;;;2014-07-16;;active;100100062;false
C01107;72;72;bus;;;100;RATP;;;ff1400;ffffff;0 92 100 0;ffffff;true;true;true;A00961;72;;;;2014-07-16;;active;100100072;false
C01109;74;74;bus;;;100;RATP;;;d2d200;000000;0 0 100 18;000000;true;true;true;A00963;74;;;;2014-07-16;;active;100100074;partial
C01110;75;75;bus;;;100;RATP;;;ffbe00;000000;0 25 100 0;000000;true;true;true;A00964;75;;;;2014-07-16;;active;100100075;false
C01114;82;82;bus;;;100;RATP;;;ff5a00;000000;0 65 100 0;000000;true;true;true;A00968;82;;;;2014-07-16;;active;100100082;false
C01115;83;83;bus;;;100;RATP;;;ffbe00;000000;0 25 100 0;000000;true;true;true;A00969;83;;;;2014-07-16;;active;100100083;false
C01121;89;89;bus;;;100;RATP;;;82c8e6;000000;43 13 0 10;000000;true;true;true;A00975;89;;;;2014-07-16;;active;100100089;partial
C01122;91;91;bus;;;100;RATP;;;dc9600;000000;0 32 100 14;000000;true;true;true;A00976;91;;;;2014-07-16;;active;100100091;partial
C01146;117;117;bus;;;100;RATP;;;00643c;ffffff;100 0 38 61;ffffff;true;true;true;A01001;117;;;;2014-07-16;;active;100100117;false
C01154;125;125;bus;;;100;RATP;;;0055c8;ffffff;100 57 0 22;ffffff;true;true;true;A01009;125;;;;2014-07-16;;active;100100125;partial
C01157;128;128;bus;;;100;RATP;;;6e5b1e;ffffff;0 17 73 57;ffffff;true;true;true;A01012;128;;;;2014-07-16;;active;100100128;partial
C01164;138;138;bus;;;100;RATP;;;a0006e;ffffff;0 100 32 37;ffffff;true;true;true;A01019;138;;;;2014-07-16;;active;100100138;false
C01167;141;141;bus;;;100;RATP;;;dc9600;000000;0 32 100 14;000000;true;true;true;A01022;141;;;;2014-07-16;;active;100100141;false
C01170;145;145;bus;;;100;RATP;;;a0006e;ffffff;0 100 32 37;ffffff;true;true;true;A01025;145;;;;2014-07-16;;active;100100145;true
C01171;146;146;bus;;;100;RATP;;;d282be;000000;0 38 9 18;000000;true;true;true;A01026;146;;;;2014-07-16;;active;100100146;true
C01172;147;147;bus;;;100;RATP;;;ff1400;ffffff;0 92 100 0;ffffff;true;true;true;A01027;147;;;;2014-07-16;;active;100100147;partial
C01174;150;150;bus;;;100;RATP;;;ff82b4;000000;0 49 29 0;000000;true;true;true;A01030;150;;;;2014-07-16;;active;100100150;partial
C01180;157;157;bus;;;100;RATP;;;a0006e;ffffff;0 100 32 37;ffffff;true;true;true;A01036;157;;;;2014-07-16;;active;100100157;true
C01189;167;167;bus;;;100;RATP;;;82dc73;000000;41 0 48 14;000000;true;true;true;A01046;167;;;;2014-07-16;;active;100100167;false
C01198;177;177;bus;;;100;RATP;;;82dc73;000000;41 0 48 14;000000;true;true;true;A01056;177;;;;2014-07-16;;active;100100177;true
C01199;178;178;bus;;;100;RATP;;;0055c8;ffffff;100 57 0 22;ffffff;true;true;true;A01057;178;;;;2014-07-16;;active;100100178;partial
C01200;179;179;bus;;;100;RATP;;;00643c;ffffff;100 0 36 61;ffffff;true;true;true;A01058;179;;;;2014-07-16;;active;100100179;false
C01204;183;183;bus;;;100;RATP;;;ff1400;ffffff;0 92 100 0;ffffff;true;true;true;A01062;183;;;;2014-07-16;;active;100100183;true
C01206;185;185;bus;;;100;RATP;;;ff5a00;000000;0 65 100 0;000000;true;true;true;A01064;185;;;;2014-07-16;;active;100100185;true
C01209;188;188;bus;;;100;RATP;;;d282be;000000;0 38 9 18;000000;true;true;true;A01067;188;;;;2014-07-16;;active;100100188;partial
C01222;207;207;bus;;;100;RATP;;;dc9600;000000;0 32 100 14;000000;true;true;true;A01080;207;;;;2014-07-16;;active;100100207;true
C01225;211;211;bus;;;100;RATP;;;ff82b4;000000;0 49 29 0;000000;true;true;true;A01083;211;;;;2014-07-16;;active;100100211;partial
C01228;214;214;bus;;;100;RATP;;;d282be;000000;0 38 9 18;000000;true;true;true;A01086;214;;;;2014-07-16;;active;100100214;false
C01230;216;216;bus;;;100;RATP;;;ff0000;000000;0 100 100 0;000000;true;true;true;A01087;216;;;;2014-07-16;;active;100100216;true
C01232;220;220;bus;;;100;RATP;;;a0006e;ffffff;0 100 32 37;ffffff;true;true;true;A01089;220;;;;2014-07-16;;active;100100220;true
C01237;238;238;bus;;;100;RATP;;;ff82b4;000000;0 49 29 0;000000;true;true;true;A01094;238;;;;2014-07-16;;active;100100238;false
C01260;281;281;bus;;;100;RATP;;;dc9600;000000;0 32 100 14;000000;true;true;true;A01120;281;;;;2014-07-16;;active;100100281;true
C01276;306;306;bus;;;100;RATP;;;0055c8;ffffff;100 57 0 22;ffffff;true;true;true;A01136;306;;;;2014-07-16;;active;100100306;false
C01281;318;318;bus;;;100;RATP;;;0055c8;ffffff;100 57 0 22;ffffff;true;true;true;A01140;318;;;;2014-07-16;;active;100100318;false
C01288;325;325;bus;;;100;RATP;;;82c8e6;000000;43 13 0 10;000000;true;true;true;A01146;325;;;;2014-07-16;;active;100100325;false
C01298;350;350;bus;;;100;RATP;;;9900ff;000000;40 100 0 0;000000;true;true;true;A01155;350;;;;2014-07-16;;active;100100350;false
C01303;356;356;bus;;;100;RATP;;;ff5a00;000000;0 65 100 0;000000;true;true;true;A01160;356;;;;2014-07-16;;active;100100356;false
C01307;367;367;bus;;;100;RATP;;;ffbe00;000000;0 25 100 0;000000;true;true;true;A01166;367;;;;2014-07-16;;active;100100367;true
C01308;368;368;bus;;;100;RATP;;;d2d200;000000;0 0 100 18;000000;true;true;true;A01167;368;;;;2014-07-16;;active;100100368;false
C01313;385;385;bus;;;100;RATP;;;dc9600;000000;0 32 100 14;000000;false;true;true;A01172;385;;;;2014-07-16;;active;100100385;false
C01316;390;390;bus;;;100;RATP;;;82c8e6;000000;43 13 0 10;000000;true;true;true;A01175;390;;;;2014-07-16;;active;100100390;false
C01320;395;395;bus;;;100;RATP;;;0055c8;ffffff;100 57 0 22;ffffff;true;true;true;A01180;395;;;;2014-07-16;;active;100100395;true
C01323;421;421;bus;;;100;RATP;;;00643c;ffffff;100 0 36 61;ffffff;true;true;true;A01183;421;;;;2014-07-16;;active;100100421;false
C01329;La Traverse de Charonne;CHARONNE;bus;;;100;RATP;;;216eb4;ffffff;82 39 0 30;ffffff;true;true;true;A01200;501 (Traverse de Charonne);;;;2014-07-16;;active;100100501;false
C01333;La Traverse Ney - Flandre;NEY-FLA;bus;;;100;RATP;;;c5a3ca;000000;2 19 0 21;000000;true;true;true;A01202;519 (Traverse Ney - Flandre);;;;2014-07-16;;active;100100519;false
C01340;AS AUTOBUS SURESNOIS;AS;bus;;;100;RATP;;;216eb4;ffffff;82 39 0 30;ffffff;true;true;true;A01204;544 (AS);;;;2014-07-16;;active;100100544;false
C01357;ClamiBus;CLAM;bus;;;1022;Transdev Vallée Sud;;Vallée Grand Sud Paris;f4c931;000000;0 18 80 4;000000;true;unknown;unknown;A01224;579 (Clamibus);;;;2014-07-16;;active;100100579;false
C01359;V3;V3;bus;;;100;RATP;;;cdc83f;000000;0 2 69 20;000000;true;false;false;A01234;Valouette v3;;;;2014-07-16;;active;100100581;false
C01363;V7;V7;bus;;;100;RATP;;;d35e3c;ffffff;0 56 72 17;ffffff;true;false;true;A01239;585 (Valouette V7);;;;2014-07-16;;active;100100585;false
C01365;TUVIM;TUVIM;bus;;;100;RATP;;;ff1400;ffffff;0 92 100 0;ffffff;true;true;true;A01227;589 (TUVIM);;;;2014-07-16;;active;100100589;false
C01369;595;595;bus;;;100;RATP;;;0055c8;ffffff;100 57 0 22;ffffff;true;true;true;A01241;595 (Desserte de la Boursidière);;;;2014-07-16;;active;100100595;false
C01375;5;5;metro;;;100;RATP;;;ff7e2e;000000;0 51 82 0;000000;false;unknown;unknown;A01538;5;;;https://data.iledefrance-mobilites.fr/api/explore/v2.1/catalog/datasets/referentiel-des-lignes/files/e1babbb11951e80ae32d076528ef2ad1;2014-07-16;;active;100110005;true
C01390;T2;T2;tram;;;100;RATP;;;cf009e;ffffff;0 100 24 19;ffffff;true;unknown;unknown;A01192;T2;;;https://data.iledefrance-mobilites.fr/api/explore/v2.1/catalog/datasets/referentiel-des-lignes/files/e32a597dbda794251fe47f69308c01b9;2014-07-16;;active;100112012;true
C01392;N24;N24;bus;nightBus;;100;RATP;;;ff5a00;ffffff;0 65 100 0;ffffff;true;true;true;A01243;N24;;;;2014-07-16;;active;100987751;false
C01402;N61;N61;bus;nightBus;;100;RATP;;;dc9600;000000;0 32 100 14;000000;true;true;true;A01253;N61;;;;2014-07-16;;active;100987761;false
C01403;N62;N62;bus;nightBus;;100;RATP;;;ff82b4;000000;0 49 29 0;000000;true;true;true;A01254;N62;;;;2014-07-16;;active;100987762;false
C01405;N45;N45;bus;nightBus;;100;RATP;;;ffbe00;000000;0 25 100 0;000000;unknown;true;true;A01256;N45;;;;2014-07-16;;active;100987765;false
C01411;N41;N41;bus;nightBus;;100;RATP;;;ff82b4;000000;0 49 29 0;000000;unknown;true;true;A01262;N41;;;;2014-07-16;;active;100987772;false
C01413;N01;N01;bus;nightBus;;100;RATP;;;a0006e;ffffff;0 100 32 37;ffffff;true;true;true;A01264;N01;;;;2014-07-16;;active;100987775;false
C01416;N16;N16;bus;nightBus;;100;RATP;;;d2d200;000000;0 0 100 18;000000;true;true;true;A01267;N16;;;;2014-07-16;;active;100987781;false
C01427;5;5;bus;;;101;STBC;;Apolo 7;00b8e0;000000;100 18 0 12;000000;false;unknown;unknown;A01278;VAIRES-SUR-MARNE (Gare SNCF Square)  - VILLEVAUDE (Poitou);;;;2014-07-16;;active;101261027;false
C01430;Filéo Roissy Sud - Villeparisis Mitry-Mory(sur réservation);Fileo V;bus;demandAndResponseBus;;1028;Keolis Roissy Pays de France Ouest;;Roissy Ouest;003bd1;ffffff;100 72 0 18;ffffff;unknown;unknown;unknown;A02279;VILLEPARISIS (MARCHE) - ROISSYPOLE (RER);Réservation obligatoire;Réserver votre trajet par téléphone au 01.74.37.24.77 ou en ligne via notre site internet www.fileo.com ou téléchargez notre application Fileo.;;2014-07-16;;active;116277010;partial
C01439;3305;3305;bus;localBus;;1027;Francilité Pays de Montereau;;Pays de Montereau;bb4b9b;ffffff;0 60 17 27;ffffff;unknown;true;true;A01293;LA GRANDE-PAROISSE (GARE SNCF)  - MONTEREAU-FAUT-YONNE (GARE SNCF);;;;2014-07-16;;active;208208012;unknown
C01440;3311;3311;bus;localBus;;1027;Francilité Pays de Montereau;;Pays de Montereau;87d3df;000000;39 5 0 13;000000;false;true;true;A01294;MISY-SUR-YONNE (Place des Erables)  - MONTEREAU-FAUT-YONNE (Gare SNCF);;;;2014-07-16;;active;208208013;unknown
C01442;3307;3307;bus;localBus;;1027;Francilité Pays de Montereau;;Pays de Montereau;008c5a;ffffff;100 0 36 45;ffffff;unknown;true;true;A01296;FORGES (Les courreaux)  - MONTEREAU-FAUT-YONNE (Gare SNCF);;;;2014-07-16;;active;208208017;unknown
C01447;3436;3436;bus;localBus;SEASONAL_LINE_TYPE;1026;Transdev Pays de Fontainebleau;;Fontainebleau - Moret;640082;ffffff;75 100 0 0;ffffff;false;true;true;A01301;VILLECERF - MORET-SUR-LOING - VENEUX-LES-SABLONS - CHAMPAGNE-SUR-SEINE;;;;2014-07-16;;active;208258206;partial
C01448;3430;3430;bus;localBus;;1026;Transdev Pays de Fontainebleau;;Fontainebleau - Moret;00a092;ffffff;82 0 54 0;ffffff;false;true;true;A01302;VERNOU-LA-CELLE-SUR-SEINE (BASSE ROCHE)  - FONTAINEBLEAU (FRANCOIS 1ER);;;;2014-07-16;;active;516516210;partial
C01459;3256;3256;bus;localBus;;1030;Francilité Grand Provinois;;Provinois - Brie et Seine;c4a4cc;000000;21 38 0 0;000000;false;false;false;A01306;FONTAINE-FOURCHES (Place Mérot) - PROVINS (Gare Routière);;;;2014-07-16;;active;514514128;unknown
C01461;3250;3250;bus;localBus;;1030;Francilité Grand Provinois;;Provinois - Brie et Seine;8ad3de;000000;44 0 12 0;000000;false;false;false;A01307;FONTAINE-FOURCHES (CALVAIRE)  - MONTEREAU-FAUT-YONNE (GARE SNCF);;;;2014-07-16;;active;514514135;unknown
C01462;3257;3257;bus;localBus;;1030;Francilité Grand Provinois;;Provinois - Brie et Seine;8ad3de;000000;44 0 12 0;000000;false;false;false;A01307;FONTAINE-FOURCHES (CALVAIRE)  - MONTEREAU-FAUT-YONNE (GARE SNCF);;;;2014-07-16;;active;514514136;unknown
C01468;3253;3253;bus;localBus;;1030;Francilité Grand Provinois;;Provinois - Brie et Seine;7ac597;000000;54 0 54 0;000000;false;false;false;A01307;FONTAINE-FOURCHES (CALVAIRE)  - MONTEREAU-FAUT-YONNE (GARE SNCF);;;;2014-07-16;;active;514514140;unknown
C01475;1205;1205;bus;regionalBus;;1040;Francilité Seine et Oise;;Cergy-Pontoise Confluence;ff1400;ffffff;0 100 94 0;ffffff;unknown;unknown;unknown;A01315;CONFLANS-STE-HONORINE (Gare SNCF)  - ACHERES - ST-GERMAIN-EN-LAYE (Gare RER);;;;2014-07-16;;active;212212005;partial
C01477;1231;1231;bus;regionalBus;;1040;Francilité Seine et Oise;;Cergy-Pontoise Confluence;d2d200;000000;14 0 100 11;000000;unknown;unknown;unknown;A01317;CONFLANS-STE-HONORINE (GARE ROMAGNE)  - HERBLAY (BUTTES BLANCHES);;;;2014-07-16;;active;212212011;partial
C01491;37;37;bus;localBus;;1012;Keolis Argenteuil Boucles de Seine;;Argenteuil - Boucles de Seine;ff8c57;000000;0 45 66 0;000000;false;unknown;unknown;A01331;VILLE-D'AVRAY - RUEIL-MALMAISON;;;;2014-07-16;;active;000533037;partial
C01523;5132;5132;bus;localBus;;1023;Francilité Saint-Quentin-en-Yvelines;;Saint-Quentin-en-Yvelines;82c8e6;000000;44 0 12 0;000000;true;true;true;A01363;Le Mesnil-Saint-Denis / Montigny Saint-Quentin Gare;;;;2014-07-16;;active;529529402;partial
C01527;5104;5104;bus;regionalBus;;1023;Francilité Saint-Quentin-en-Yvelines;;Saint-Quentin-en-Yvelines;a50034;ffffff;0 100 46 26;ffffff;true;true;true;A01367;TRAPPES (Trappes Gare)  - MONTIGNY-LE-BRETONNEUX (Montigny Saint-Exupéry);;;;2014-07-16;;active;529529414;partial
C01532;5143;5143;bus;regionalBus;;1023;Francilité Saint-Quentin-en-Yvelines;;Saint-Quentin-en-Yvelines;82dc73;000000;54 0 54 0;000000;true;true;true;A01372;MAGNY-LES-HAMEAUX - MONTIGNY-LE-BRETONNEUX;;;;2014-07-16;;active;529529419;partial
C01533;5144;5144;bus;localBus;;1023;Francilité Saint-Quentin-en-Yvelines;;Saint-Quentin-en-Yvelines;ff82b4;000000;0 47 11 0;000000;true;true;true;A01376;MONTIGNY-LE-BRETONNEUX (SAINT QUENTIN GARE)  - ST-REMY-LES-CHEVREUSE (SAINT REMI LES CHEVREUSE GARE);;;;2014-07-16;;active;529529462;partial
C01542;5151;5151;bus;regionalBus;;1023;Francilité Saint-Quentin-en-Yvelines;;Saint-Quentin-en-Yvelines;00643c;ffffff;100 0 83 24;ffffff;true;true;true;A01380;MONTIGNY-LE-BRETONNEUX (SAINT QUENTIN GARE)  - GUYANCOURT (LYCEE DE VILLAROY);;;;2014-07-16;;active;529529468;partial
C01548;701;701;bus;localBus;;233;Autobus du Fort;;;005aa1;ffffff;100 44 0 37;ffffff;false;true;true;A01385;GAGNY (Le chênay-Gagny R.E.R.)  - GAGNY (Les Abbesses);;;;2014-07-16;;active;233233701;false
C01552;95-04;95-04;bus;expressBus;;1007;Transdev Vexin;;Vexin;3bb2ff;ffffff;77 30 0 0;ffffff;unknown;unknown;unknown;A01397;BRAY-ET-LU (Place du 19 mai 1962) - MAGNY-EN-VEXIN (Gare Routière) - CERGY (Préfecture);;;;2014-07-16;;active;501501004;true
C01556;95-43;95-43;bus;localBus;;1007;Transdev Vexin;;Vexin;d282be;000000;0 38 10 18;000000;unknown;unknown;unknown;A01401;MAGNY-EN-VEXIN - VETHEUIL;;;;2014-07-16;;active;501501043;true
C01564;9103;9103;bus;expressBus;;1018;Francilité Ouest Essonne;;Essonne Sud Ouest;3bb2ff;ffffff;77 30 0 0;ffffff;unknown;unknown;true;A01410;DOURDAN (GARE RER)  - MASSY (GARE);;;;2014-07-16;;active;524524003;partial
C01577;605;605;bus;localBus;;293;TRA;;Seine-Saint-Denis;d5c900;000000;0 5 100 17;000000;false;partial;partial;A01423;AULNAY-SOUS-BOIS (Gare R.E.R.)  - LE RAINCY (LE Raincy Villemomble Montfermeil RER);;;;2014-07-16;;active;293193605;false
C01581;613;613;bus;regionalBus;;293;TRA;;Seine-Saint-Denis;00814f;ffffff;100 0 39 49;ffffff;false;true;true;A01427;AULNAY-SOUS-BOIS (Gare R.E.R.)  - CHELLES (Gare S.N.C.F.);;;;2014-07-16;;active;293193613;false
C01623;4217;4217;bus;;;1038;TISSE;;Evry Centre Essonne;00a092;ffffff;100 0 9 37;ffffff;true;unknown;unknown;A01473;EVRY (Mairie)  - EVRY (Gare du Bras de Fer);;;https://data.iledefrance-mobilites.fr/api/explore/v2.1/catalog/datasets/referentiel-des-lignes/files/345d0b1b42fd4ddd6453c4f1f40579a9;2014-07-16;;active;400400408;partial
C01628;4245;4245;bus;;;1038;TISSE;;Evry Centre Essonne;6e491e;ffffff;0 35 73 57;ffffff;true;unknown;unknown;A01478;EVRY (Gare d'Evry-Courcouronnes Centre) - CORBEIL-ESSONNES (Gare routière Emile Zola);;;https://data.iledefrance-mobilites.fr/api/explore/v2.1/catalog/datasets/referentiel-des-lignes/files/eca417b824942e023e211e073be459a3;2014-07-16;;active;400400415;partial
C01629;4218;4218;bus;;;1038;TISSE;;Evry Centre Essonne;82dc73;000000;41 0 48 14;000000;true;unknown;unknown;A01479;RIS-ORANGIS (Gare du bois de l'épine)  - RIS-ORANGIS (Val de Ris RER);;;https://data.iledefrance-mobilites.fr/api/explore/v2.1/catalog/datasets/referentiel-des-lignes/files/93f539d08298182e45c2edc9c31ca1bc;2014-07-16;;active;400400418;partial
C01630;4219;4219;bus;;;1038;TISSE;;Evry Centre Essonne;ff5a00;000000;0 65 100 0;000000;true;unknown;unknown;A01480;RIS-ORANGIS (Gare du Val de Ris RER)  - RIS-ORANGIS (Gare du Val de Ris RER);;;https://data.iledefrance-mobilites.fr/api/explore/v2.1/catalog/datasets/referentiel-des-lignes/files/d48d167c025546004ec58ad84c5ebb2a;2014-07-16;;active;400400419;partial
C01640;N142;N142;bus;nightBus;;1025;Keolis Portes et Val de Brie;;Pays Briard;0a0082;ffffff;0 66 24 25;ffffff;true;true;true;A01489;N142 - NOCTILIEN - Paris Gare de l'Est - Tournan-En-Brie;;;;2014-07-16;;active;800987010;partial
C01646;N161;N161;bus;nightBus;;1037;Transdev Sud Yvelines;;Centre et Sud Yvelines;0a0082;ffffff;94 0 11 34;ffffff;true;true;true;A01493;N161 -Paris Montparnasse - La Verrière;;;;2014-07-16;;active;530987145;false
C01648;N133;N133;bus;nightBus;;1015;Keolis Val d'Yerres Val de Seine;;Val d'Yerres Val de Seine;fece00;000000;0 19 100 0;000000;true;true;true;A01494;N133 - NOCTILIEN - Paris Gare de Lyon - Juvisy-Sur-Orge;;;https://data.iledefrance-mobilites.fr/api/explore/v2.1/catalog/datasets/referentiel-des-lignes/files/25e32b6eabd8cac55c63fa4eb762bbc6;2014-07-16;;active;800987018;partial
C01658;415;415;bus;;SEASONAL_LINE_TYPE;1014;RD Bièvre;;Bièvre;d2d200;000000;14 0 100 11;000000;false;unknown;unknown;A00327;ANTONY (ROBINSON RER)  - CHATENAY-MALABRY (GROUPE SCOLAIRE SOPHIE BARAT);;;;2014-07-16;;active;537537007;unknown
C01660;1302;1302;bus;regionalBus;;1039;Keolis Nord Val d’Oise;;Haut Val d'Oise;b90745;ffffff;0 100 46 27;ffffff;unknown;true;true;A01724;PERSAN Félix Millet - MOURS Grands Champs;;;;2014-07-16;;active;046146070;partial
C01662;1356;1356;bus;;;1039;Keolis Nord Val d’Oise;;Haut Val d'Oise;09a88e;ffffff;95 0 15 34;ffffff;unknown;true;true;A01726;BERNES-SUR-OISE Centre AFPA - PERSAN-BEAUMONT Gare;;;;2014-07-16;;active;046146072;partial
C01664;3203;3203;bus;regionalBus;;1030;Francilité Grand Provinois;;Provinois - Brie et Seine;eb2132;ffffff;0 100 94 0;ffffff;unknown;false;false;A01308;GOUAIX - PROVINS;;;;2014-07-16;;active;514514103;unknown
C01669;3705;3705;bus;regionalBus;;1003;Transdev Senart;;Sénart;640082;ffffff;75 100 0 0;ffffff;false;true;true;A00750;Savigny le Temple (Savigny le Temple/Nandy Gare RER) - Lieusaint (Carre Trait d Union);;;;2014-07-16;;active;519519132;false
C01673;4583;4583;bus;localBus;;1033;Transdev Cœur Essonne;;Cœur d’Essonne;6e6e00;ffffff;46 33 100 0;ffffff;true;true;true;A00587;MORSANG-SUR-ORGE (LIBERATION)  - SAVIGNY-SUR-ORGE;;;;2014-07-16;;active;525525096;partial
C01683;Bus de substitution du tram T4;T4;bus;;REPLACEMENT_LINE_TYPE;1042;STRETTO;;;dfaf47;000000;0 19 88 13;000000;unknown;true;true;A01761;T4;;;;2014-07-16;;active;800850509;unknown
C01693;6182;6182;bus;;;1017;Keolis Vélizy Vallée de la Bièvre;;Vélizy Vallées;00a092;ffffff;82 0 54 0;ffffff;unknown;unknown;unknown;A02311;Châteaufort – Versailles / Buc Etablissement scolaire LFA-MLK;;;;2014-07-16;;active;527527140;partial
C01698;4621;4621;bus;;;1013;RD Saclay;;Paris Saclay;6e491e;ffffff;0 30 100 54;ffffff;true;true;true;A02961;Massy-Ulis via Courtaboeuf - RRB Courtaboeuf;;;;2014-07-16;;active;526526024;unknown
C01702;6162;6162;bus;;;1017;Keolis Vélizy Vallée de la Bièvre;;Vélizy Vallées;ff1400;ffffff;0 100 94 0;ffffff;unknown;true;true;A00453;260 Versailles - Magny-les-Hameaux;;;;2014-07-16;;active;527527262;partial
C01713;2228;2228;bus;regionalBus;;1002;Transdev Marne-la-Vallée;;Marne-la-Vallée;a0006e;ffffff;26 85 0 0;ffffff;unknown;true;true;A01776;46;;;;2014-07-16;;active;510510046;partial
C01714;4240;4240;bus;localBus;;1038;TISSE;;Evry Centre Essonne;ff5a00;ffffff;0 65 100 0;ffffff;unknown;unknown;unknown;A00346;CORBEIL-ESSONNES (SNECMA)  - LE COUDRAY-MONTCEAUX (TERMINAL D. DOUILLET);;;https://data.iledefrance-mobilites.fr/api/explore/v2.1/catalog/datasets/referentiel-des-lignes/files/f85be16d71c7db7fb3429d94b7cf1c5c;2014-07-16;;active;024309300;partial
C01724;3210;3210;bus;localBus;;1030;Francilité Grand Provinois;;Provinois - Brie et Seine;f58f53;000000;0 53 78 0;000000;unknown;false;partial;A01790;Provins (Gare SNCF) - Montereau Fault Yonne (Paul Eluard);;;;2014-07-16;;active;514514010;unknown
C01735;1305;1305;bus;;;1039;Keolis Nord Val d’Oise;;Haut Val d'Oise;97d4e2;000000;33 6 0 11;000000;unknown;true;true;A01768;Bruyères sur Oise (Rue de Boran) - Beaumont sur Oise (Mairie);;;;2014-07-16;;active;046146073;partial
C01737;H;H;rail;suburbanRailway;;800;SNCF;;Transilien;84653d;ffffff;0 30 100 54;ffffff;false;unknown;unknown;A01849;Transilien H;;;https://data.iledefrance-mobilites.fr/api/explore/v2.1/catalog/datasets/referentiel-des-lignes/files/b874ac42d638fc887ea98f56789a036d;2014-07-16;;active;800853021;unknown
C01743;B;B;rail;local;;800;SNCF;100;RER;5091cb;ffffff;69 34 0 0;ffffff;false;unknown;unknown;A01857;RER B;;;https://data.iledefrance-mobilites.fr/api/explore/v2.1/catalog/datasets/referentiel-des-lignes/files/09417158011567b7a8165357e51e565d;2014-07-16;;active;810802061;partial
C01751;430;430;bus;localBus;;1032;Transdev Côteaux de la Marne;;Marne et Seine;a50034;ffffff;0 100 46 26;ffffff;true;true;true;A02709;Créteil l’Echat – Emile Combes Clémenceau (Limeil-Brévannes);;;;2014-07-16;;active;521521031;true
C01752;S17;S17;bus;;;1013;RD Saclay;;Paris Saclay;d6c900;000000;0 6 100 16;000000;unknown;unknown;unknown;A00584;EPINAY-SUR-ORGE (gare RER)  - LA VILLE-DU-BOIS - NOZAY (CIT VILLARCEAUX);;;;2014-07-16;;active;526526017;unknown
C01792;N2;N2;bus;airportLinkBus;;043;ADP;;;6ca513;ffffff;35 0 89 35;ffffff;false;unknown;unknown;;;;;;2014-10-24;;active;043043002;unknown
C01795;T8;T8;tram;;;100;RATP;;;837902;000000;0 7 98 49;000000;true;unknown;unknown;A02150;T8;;;https://data.iledefrance-mobilites.fr/api/explore/v2.1/catalog/datasets/referentiel-des-lignes/files/abdb3df6ce90364cb3a504268a29d0ba;2014-11-25;;active;100112018;true
C01802;1516;1516;bus;regionalBus;;1008;Transdev Valmy;;Vallée de Montmorency;eb2132;ffffff;0 100 94 0;ffffff;true;true;partial;A02148;ENGHIENS - ARGENTEUIL;;;;2014-12-02;;active;505505016;false
C01805;6134;6134;bus;localBus;;1017;Keolis Vélizy Vallée de la Bièvre;;Vélizy Vallées;6e491e;ffffff;0 30 100 54;ffffff;true;true;true;A00042;Chaville (Gare Chaville Rive Droite) - Vélizy Villacoublay (Vélizy 2);;;;2014-07-16;;active;527527014;partial
C01809;380;380;bus;;;100;RATP;;;82dc73;000000;41 0 48 14;000000;true;true;true;A02156;380;;;;2015-01-05;;active;100100380;partial
C01815;32 ZA;32 ZA;bus;;;1028;Keolis Roissy Pays de France Ouest;;Roissy Ouest;e3b229;000000;0 22 82 11;000000;false;true;true;A02498;Gare de Goussainville - Gare de Roissypole;;;;2015-02-27;;active;014014321;partial
C01821;486;486;bus;;;100;RATP;;;00643c;ffffff;100 0 38 61;ffffff;true;true;true;A02166;Porte de l'Essonne - Juvisy RER;;;;2015-04-21;;active;100100486;false
C01826;1;1;bus;localBus;;111;Mobicité;;Titus;ff0000;ffffff;0 100 100 0;ffffff;false;unknown;unknown;A01777;Titus 1 (Rouge);;;;2015-06-02;;active;111593301;unknown
C01837;J;J;bus;localBus;;334;Autocars Dominique;;Paris-Saclay Mobilités;f4c000;000000;0 22 100 4;000000;false;unknown;unknown;A01782;J;;;;2015-06-03;;active;111591207;unknown
C01839;Le Bus du port;PORT;bus;;;100;RATP;;;9a9940;000000;0 0 58 40;000000;false;false;false;A01207;Port de Gennevilliers;;;;2015-06-05;;active;100100538;partial
C01853;E;E;bus;;REPLACEMENT_LINE_TYPE;800;SNCF;;RER;b94e9a;ffffff;26 85 0 0;ffffff;false;unknown;unknown;A01843;RER E;;;https://data.iledefrance-mobilites.fr/api/explore/v2.1/catalog/datasets/referentiel-des-lignes/files/dc5bd03a80dd0c1637c29dd4a38b14bf;2015-06-05;;active;800805591;unknown
C01854;TER Grand-Est Bus;TER;bus;;REPLACEMENT_LINE_TYPE;800;SNCF;;TER;aaaaaa;000000;0 0 0 33;000000;unknown;unknown;unknown;A02170;TER Grand-Est (Ligne P);;;;2015-06-05;;active;800870501;unknown
C01857;TER Centre - Val-de-Loire;TER;rail;regionalRail;;800;SNCF;;TER;aaaaaa;000000;0 0 0 33;000000;unknown;unknown;unknown;A02179;TER Centre - Val-de-Loire (Ligne C);;;;2015-06-05;;active;800872004;unknown
C01866;2124;2124;bus;regionalBus;;1029;Keolis Roissy Pays de France Est;;Roissy Est;ceadd2;000000;2 18 0 18;000000;false;true;true;A02182;MITRY-MORY (Mitry-Clayes RER) - Roissypôle;;;;2015-07-27;;active;014014224;partial
C01869;5102;5102;bus;;;1023;Francilité Saint-Quentin-en-Yvelines;;Saint-Quentin-en-Yvelines;ff1400;ffffff;0 100 94 0;ffffff;unknown;unknown;unknown;A00478;PLAISIR-GRIGNON Gare - VERSAILLES PEM Chantiers;;;;2015-08-18;;active;529529001;partial
C01873;6251;6251;bus;;;1034;Transdev Versailles;;Grand Versailles;3c91e6;ffffff;69 34 0 0;ffffff;unknown;true;true;A02163;SAINT-QUENTIN-EN-YVELINES - LE CHESNAY;;;;2015-08-18;;active;528528051;partial
C01876;30-46;30-46;bus;localBus;;1041;Francilité Val Parisis;;Val Parisis;0064b0;ffffff;100 54 0 0;ffffff;true;true;true;A01759;CORMEILLES-EN-PARISIS (gare)  - CORMEILLES-EN-PARISIS (gare);;;;2015-08-28;;active;030030046;unknown
C01902;F;F;bus;localBus;;334;Autocars Dominique;;Paris-Saclay Mobilités;77623a;ffffff;0 18 51 53;ffffff;false;unknown;unknown;A01784;F;;;;2015-12-04;;active;333591002;unknown
C01903;H;H;bus;;;334;Autocars Dominique;;Paris-Saclay Mobilités;253b82;ffffff;72 55 0 49;ffffff;false;unknown;unknown;A01785;H;;;;2015-12-04;;active;333591004;unknown
C01937;30;30;bus;localBus;;1010;Keolis Seine et Oise Est;;Poissy - Les Mureaux;00a092;ffffff;82 0 54 0;ffffff;unknown;true;true;A02193;Poissy (Gare Nord) - Carrières-sous-Poissy (Les Oiseaux);;;;2016-01-13;;active;534534560;partial
C01955;5379;5379;bus;localBus;;1037;Transdev Sud Yvelines;;Centre et Sud Yvelines;87d3df;000000;39 0 12 0;000000;false;true;true;A02191;RAMBOUILLET - VILLIERS-SAINT-FREDERIC;;;;2016-08-29;;active;530530079;false
C01974;3546;3546;bus;;;1031;Transdev Vallée du Loing;;Vallée du Loing - Nemours;ff5a00;ffffff;0 53 78 0;ffffff;false;true;true;A02920;MONTEREAU FAUT YONNE - NEMOURS - BOUGLIGNY;;;;2016-09-12;;active;517517118;partial
C01980;5221;5221;bus;localBus;;1037;Transdev Sud Yvelines;;Centre et Sud Yvelines;f59eb3;000000;0 45 45 0;ffffff;false;true;true;A02194;BEYNES La Maladrerie <> BEYNES Collège François Rabelais;;;;2016-08-29;;active;530530021;false
C01982;5231;5231;bus;localBus;;1037;Transdev Sud Yvelines;;Centre et Sud Yvelines;ffcd03;000000;0 5 45 0;000000;false;true;true;A02195;BEYNES - GOUPILLIERES;;;;2016-08-29;;active;530530231;false
C01984;5338;5338;bus;localBus;;1037;Transdev Sud Yvelines;;Centre et Sud Yvelines;8e6539;ffffff;0 39 88 45;ffffff;false;true;true;A02202;CIVRY-LA-FORET - MONTFORT-L'AMAURY;;;;2016-08-29;;active;530530138;false
C01986;5241;5241;bus;localBus;;1037;Transdev Sud Yvelines;;Centre et Sud Yvelines;f59eb3;000000;0 45 18 0;ffffff;false;true;true;A02196;BEYNES - VILLIERS-LE-MAHIEU;;;;2016-08-29;;active;530530041;false
C01999;T11;T11;tram;;;1042;STRETTO;;;f58f53;000000;0 53 78 0;000000;true;unknown;unknown;A02225;T11;;;https://data.iledefrance-mobilites.fr/api/explore/v2.1/catalog/datasets/referentiel-des-lignes/files/b8957b0e036e5aa94716ecb7285bea30;2016-12-06;;active;800850012;true
C02020;4307;4307;bus;regionalBus;;1016;Keolis Val d'Essonne Deux Vallées;;Essonne Sud Est;ff5a00;000000;0 53 78 0;000000;unknown;unknown;unknown;A02238;Le Coudray Montceaux - Fontenay le Vicomte;;;;2017-09-06;;active;531531207;partial
C02025;4330;4330;bus;localBus;;1016;Keolis Val d'Essonne Deux Vallées;;Essonne Sud Est;00a092;ffffff;82 0 54 0;ffffff;unknown;unknown;unknown;A02240;Auvernaux - Corbeil Essonnes;;;;2017-09-06;;active;531531230;partial
C02026;4331;4331;bus;localBus;;1016;Keolis Val d'Essonne Deux Vallées;;Essonne Sud Est;6e491e;ffffff;0 30 100 54;ffffff;unknown;unknown;unknown;A02241;Auvernaux - Evry;;;;2017-09-06;;active;531531231;partial
C02032;3547;3547;bus;;;1031;Transdev Vallée du Loing;;Vallée du Loing - Nemours;ffbe00;000000;0 19 100 0;000000;false;true;true;A02921;MONTEREAU FAUT YONNE - NEMOURS - BOUGLIGNY;;;;2017-11-13;;active;517517218;partial
C02033;1349;1349;bus;;;1039;Keolis Nord Val d’Oise;;Haut Val d'Oise;f28f42;000000;0 53 78 0;000000;false;true;true;A02251;Noisy sur Oise (Place Gambetta) - Luzarches (Lycée Gérard de Nerval / Collège A. de Noailles);;;;2017-11-13;;active;014014049;partial
C02035;A;A;bus;localBus;;1020;Transdev Brie et 2 Morin;;Brie et 2 Morin;cc0000;ffffff;0 100 100 0;ffffff;false;true;false;A00895;COULOMMIERS (RESEAU URBAIN);;;;2017-11-17;;active;512512213;partial
C02036;B;B;bus;localBus;;1020;Transdev Brie et 2 Morin;;Brie et 2 Morin;0070c0;ffffff;100 41 0 25;ffffff;false;true;false;A00895;COULOMMIERS (RESEAU URBAIN);;;;2017-11-17;;active;512512313;partial
C02049;30-21 Ouest;30-21Oues;bus;;;1041;Francilité Val Parisis;;Val Parisis;ef844e;ffffff;0 59 71 0;ffffff;true;true;true;A02892;ligne 30 21 ouest;;;;2017-11-23;;active;030030021;unknown
C02069;03A;03A;bus;localBus;;1020;Transdev Brie et 2 Morin;;Brie et 2 Morin;dc9600;000000;13 30 90 0;000000;false;false;false;A00891;COULOMMIERS (gare sncf)  - MEAUX (gare routière);;;;2018-01-18;;active;512512003;true
C02071;03C;03C;bus;localBus;;1020;Transdev Brie et 2 Morin;;Brie et 2 Morin;dc9600;000000;13 30 90 0;000000;false;false;false;A02626;COULOMMIERS (gare sncf) - MEAUX (gare routière);;;;2018-01-18;;active;512512203;true
C02078;31B;31B;bus;localBus;;1020;Transdev Brie et 2 Morin;;Brie et 2 Morin;ffbe00;000000;0 19 100 0;000000;false;false;false;A02633;BEAUTHEIL (EGLISE) - FAREMOUTIERS (COLLEGE LOUISE MICHEL);;;;2018-01-25;;active;512512331;true
C02079;31C;31C;bus;localBus;;1020;Transdev Brie et 2 Morin;;Brie et 2 Morin;ffbe00;000000;0 19 100 0;000000;false;false;false;A02634;BEAUTHEIL (EGLISE) - FAREMOUTIERS (COLLEGE LOUISE MICHEL);;;;2018-01-25;;active;512512431;true
C02085;1233;1233;bus;localBus;;1040;Francilité Seine et Oise;;Cergy-Pontoise Confluence;82dc73;000000;54 0 54 0;000000;true;true;true;A02288;NEUVILLE-SUR-OISE (UNIVERSITE RER) - PONTOISE (GARE);;;;2018-02-06;;active;059440033;true
C02087;3134;3134;bus;localBus;;1025;Keolis Portes et Val de Brie;;Pays Briard;f78f4b;000000;0 42 70 3;000000;false;true;true;A00907;NANGIS (COLLEGE BARTHELEMY)  - ROZAY-EN-BRIE (LYCEE LA TOUR DES DAMES);;;https://data.iledefrance-mobilites.fr/api/explore/v2.1/catalog/datasets/referentiel-des-lignes/files/0efaea24db7a186d799f6c90f9812072;2018-02-07;;active;513513034;partial
C02091;3125;28C;bus;localBus;;1025;Keolis Portes et Val de Brie;;Pays Briard;bb4b9b;ffffff;0 60 17 27;ffffff;false;true;true;A00917;FONTENAY-TRESIGNY (rue bertaux)  - ROZAY-EN-BRIE - COULOMMIERS (cité scolaire);;;https://data.iledefrance-mobilites.fr/api/explore/v2.1/catalog/datasets/referentiel-des-lignes/files/280342131d27e58988db4e682c0c910d;2018-02-07;;active;513513028;partial
C02093;02A;02A;bus;localBus;;1020;Transdev Brie et 2 Morin;;Brie et 2 Morin;e46c0a;000000;0 52 96 11;000000;false;false;false;A00890;VILLENEUVE-LE-COMTE (MAIRIE)  - COULOMMIERS (CITE SCOLAIRE);;;;2018-02-22;;active;512512002;true
C02104;4156;4156;bus;localBus;;1015;Keolis Val d'Yerres Val de Seine;;Val d'Yerres Val de Seine;00a092;ffffff;82 0 54 0;ffffff;false;unknown;unknown;A00497;YERRES (LETHUMIERE)  - BRUNOY (L.TALMA);;;https://data.iledefrance-mobilites.fr/api/explore/v2.1/catalog/datasets/referentiel-des-lignes/files/12ae0190ee02c998d68ac0015de436a6;2018-02-22;;active;520520022;partial
C02112;444;444;bus;;;1032;Transdev Côteaux de la Marne;;Marne et Seine;d2d200;000000;14 0 100 11;000000;false;true;true;A00468;SUCY-EN-BRIE (R.E.R.)  - SUCY-EN-BRIE (Lycée de Sucy);;;https://data.iledefrance-mobilites.fr/api/explore/v2.1/catalog/datasets/referentiel-des-lignes/files/8c1384405c9198558f0ceaa218db14f2;2018-03-12;;active;521521042;true
C02125;3131;3131;bus;localBus;;1025;Keolis Portes et Val de Brie;;Pays Briard;9b993b;000000;0 1 62 39;000000;false;true;true;A00908;GUIGNES (EGLISE)  - MORMANT (COLLEGE NICOLAS FOUQUET);;;https://data.iledefrance-mobilites.fr/api/explore/v2.1/catalog/datasets/referentiel-des-lignes/files/0d667b8abed5887476f008db0a7cf387;2018-04-13;;active;513513035;partial
C02126;3135;3135;bus;localBus;;1025;Keolis Portes et Val de Brie;;Pays Briard;008c5a;ffffff;100 0 36 45;ffffff;false;true;true;A00908;GUIGNES (EGLISE)  - MORMANT (COLLEGE NICOLAS FOUQUET);;;https://data.iledefrance-mobilites.fr/api/explore/v2.1/catalog/datasets/referentiel-des-lignes/files/9f9d8d8b457ba28839128175e47b8fe7;2018-04-13;;active;513513035;partial
C02137;4;4;bus;;;101;STBC;;Apolo 7;dc9015;000000;0 34 90 14;000000;false;unknown;unknown;A01276;CHELLES (Gare Routière)  - CLAYE-SOUILLY (mairie);;;;2018-04-26;;active;101261024;false
C02173;5185;5185;bus;;;1023;Francilité Saint-Quentin-en-Yvelines;;Saint-Quentin-en-Yvelines;ffbe00;000000;0 19 100 0;000000;false;unknown;unknown;A02683;PLAISIR – ELANCOURT Collège La Clef Saint Pierre;;;;2018-07-13;;active;529529115;true
C02191;3778;3778;bus;localBus;;1003;Transdev Senart;;Sénart;00a092;ffffff;82 0 54 0;ffffff;false;true;true;A02575;Savigny-le-Temple - Les Ormes Voisenon - Collège Nazareth / Savigny-le-Temple – Médiathèque Voisenon - Collège Nazareth / Savigny-le-Temple – Médiathèque Voisenon - Collège Nazareth / Moissy-Cramayel - Centre de Secours Voisenon - Château du Jard;;;;2018-08-22;;active;519519062;false
C02194;3776;3776;bus;localBus;;1003;Transdev Senart;;Sénart;ffbe04;000000;0 19 100 0;000000;false;true;true;A02574;Lieusaint - Carré Trait d'Union Melun – Gambetta » et « Moissy-Cramayel - Centre de Secours Vaux-le-Pénil - 14 Juillet;;;;2018-08-22;;active;519519061;false
C02230;Fs;Fs;bus;;;1019;Transdev Marne-et-Ourcq;;Meaux et Ourcq;640082;ffffff;26 85 0 0;ffffff;unknown;unknown;unknown;A02647;Nanteuil-lés-Meaux - Les Bruyères <> Nanteuil-lès-Meaux - Collège de la Dhuis;;;;2019-01-18;;active;511511203;partial
C02231;Ls;Ls;bus;;;1019;Transdev Marne-et-Ourcq;;Meaux et Ourcq;b6d7a8;000000;7 0 10 8;000000;unknown;unknown;unknown;A02639;Trilbardou - Rue des Près <>  Esbly - Collège Louis Braille;;;;2019-01-18;;active;511511117;partial
C02245;59;59;bus;;;100;RATP;;;dc9600;000000;0 32 100 14;000000;true;true;true;A02316;PARIS (Denfert Rochereau) - VANVES (Lycée Michelet);;;;2019-03-01;;active;100100059;partial
C02251;77;77;bus;regionalBus;;100;RATP;;;0055c8;ffffff;100 57 0 22;ffffff;true;true;true;A02317;PARIS (Gare de Lyon) - PARIS (Joinville-le-Pont RER);;;;2019-03-06;;active;100100077;false
C02255;Soirée Survilliers - Fosses;Soir;bus;demandAndResponseBus;;1028;Keolis Roissy Pays de France Ouest;;Roissy Ouest;662583;ffffff;22 72 0 49;ffffff;unknown;false;false;A02327;SURVILLIERS FOSSES;Bus Soirée;"Pas besoin de réserver !
1- A la gare à l’horaire prévu, je monte dans le bus.
2- Je valide mon titre de transport.
3- J’indique au conducteur mon arrêt de descente.
4- Le conducteur adapte son itinéraire en fonction des demandes.";;2019-04-03;;active;506506009;partial
C02275;3664;3664;bus;;;1009;Transdev Melun;;Grand Melun;ff1400;ffffff;0 100 94 0;ffffff;unknown;true;true;A02518;Bas de Pringy - Collège F.Villon - Saint Fargeau Ponthierry;;;;2019-08-26;;active;518518081;partial
C02278;3420;3420;bus;;;1026;Transdev Pays de Fontainebleau;;Fontainebleau - Moret;ff1400;ffffff;0 100 94 0;ffffff;unknown;true;true;A00692;ST-FARGEAU-PONTHIERRY (BATICOP)  - AVON (LES BOULEAUX);;;;2019-08-26;;active;516516022;partial
C02280;3666;3666;bus;;;1009;Transdev Melun;;Grand Melun;6e6e00;000000;46 33 100 0;ffffff;unknown;true;true;A02520;Place de Villiers - Villiers en Brière - Collège de Perthes;;;;2019-08-26;;active;518518116;partial
C02284;3658;3658;bus;;;1009;Transdev Melun;;Grand Melun;0055c8;ffffff;100 54 0 0;ffffff;unknown;true;true;A02513;RN36 SAINT GERMAIN LAXIS - JACQUES AMYOT - MELUN;;;;2019-08-27;;active;518518066;partial
C02291;TàD 43;TàD;bus;demandAndResponseBus;;1020;Transdev Brie et 2 Morin;;Brie et 2 Morin;fecb00;000000;0 20 100 0;000000;false;false;false;A02328;TAD La Ferté Gaucher - La Ferté sous Jouarre;Réservation obligatoire;Réservation obligatoire;;2019-09-02;;active;512512043;true
C02293;3660;3660;bus;;;1009;Transdev Melun;;Grand Melun;d2d200;000000;23 11 100 0;000000;unknown;true;true;A00690;ST-FARGEAU-PONTHIERRY (FERCOT)  - COLLEGE F VILLON - SAINT - FARGEAU - PONTHIERRY;;;;2019-08-30;;active;518518011;partial
C02301;GPSO Bus;GPSO Bus;bus;;;039;SAVAC;;;ff9900;ffffff;0 40 100 0;ffffff;unknown;unknown;unknown;A01797;GPSO;;;;2019-10-17;;active;111592406;unknown
C02307;21s;21s;bus;;;1021;Transdev Boucle des Lys;;Saint Germain Boucles de Seine;fabf5f;ffffff;0 28 57 4;ffffff;unknown;unknown;unknown;A02672;Marly le Roi Gare - Le Vésinet (gare Le Vésinet Le Pecq);;;;2019-11-05;;active;532532121;partial
C02318;8ASc;8ASc;bus;localBus;;1020;Transdev Brie et 2 Morin;;Brie et 2 Morin;783f04;ffffff;0 48 97 53;ffffff;unknown;unknown;unknown;A02610;CRECY-LA-CHAPELLE (GARE SNCF) - CRECY-LA-CHAPELLE (GARE SNCF);;;;2020-03-09;;active;512512308;true
C02371;TER Normandie Bus;TER Bus;bus;;REPLACEMENT_LINE_TYPE;800;SNCF;;TER;aaaaaa;000000;0 0 0 33;000000;unknown;unknown;unknown;A02392;TER Normandie (Ligne N);;;;2020-06-30;;active;800874009;unknown
C02372;TER Hauts-de-France;TER;rail;regionalRail;;800;SNCF;;TER;aaaaaa;000000;0 0 0 33;000000;unknown;unknown;unknown;A02393;TER Hauts-de-France (Ligne D);;;;2020-06-30;;active;800873006;unknown
C02393;4345;4345;bus;;;1016;Keolis Val d'Essonne Deux Vallées;;Essonne Sud Est;d282be;000000;21 38 0 0;000000;unknown;unknown;unknown;A02333;ONCY SUR ECOLE - LYCEE CERNY;;;;2020-11-23;;active;531531005;partial
C02397;4520;4520;bus;;;1033;Transdev Cœur Essonne;;Cœur d’Essonne;82dc73;000000;54 0 54 0;000000;unknown;true;true;A00573;JUVISY-SUR-ORGE (GARE ROUTIERE CONDORCET)  - FLEURY-MEROGIS (HOPITAL F.H. MAHNES);;;;2020-10-12;;active;525525050;partial
C02398;4577;4577;bus;;;1033;Transdev Cœur Essonne;;Cœur d’Essonne;82c8e6;000000;44 0 12 0;000000;unknown;true;true;A00573;JUVISY-SUR-ORGE (GARE ROUTIERE CONDORCET)  - FLEURY-MEROGIS (HOPITAL F.H. MAHNES);;;;2020-08-31;;active;525525097;partial
C02400;34S2;34S2;bus;localBus;;1020;Transdev Brie et 2 Morin;;Brie et 2 Morin;dc9600;000000;13 30 90 0;000000;false;unknown;unknown;A02617;VERDELOT (Mairie) - SABLONNIERES - BOITRON - LA FERTE-SOUS-JOUARRE (Gare SNCF);;;;2014-07-16;;active;512512234;true
C02406;Caméléon T3a;BUS T3a;bus;;REPLACEMENT_LINE_TYPE;100;RATP;1035;;f58f53;000000;0 53 78 0;000000;unknown;true;true;A01193;T3a;;;;2021-01-12;;active;100100733;unknown
C02408;Caméléon T5;BUS T5;bus;;REPLACEMENT_LINE_TYPE;100;RATP;1035;;62259d;ffffff;38 77 0 38;ffffff;unknown;true;true;A01760;T5;;;;2021-01-12;;active;100100735;unknown
C02409;Caméléon T6;BUS T6;bus;;REPLACEMENT_LINE_TYPE;100;RATP;1035;;eb2132;ffffff;0 100 94 0;ffffff;unknown;true;true;A02149;T6;;;;2021-01-12;;active;100100736;unknown
C02413;95-50;95-50;bus;localBus;;1007;Transdev Vexin;;Vexin;ffbe00;ffffff;0 25 100 0;ffffff;unknown;unknown;unknown;A02467;MAGNY EN VEXIN - Porte de Rouen - OSNY - Stade Christian Léon;;;;2021-01-13;;active;501501050;true
C02415;95-51;95-51;bus;regionalBus;;1007;Transdev Vexin;;Vexin;dc9600;ffffff;0 32 100 14;ffffff;unknown;unknown;unknown;A02384;MAGNY-EN-VEXIN (GARE ROUTIERE) - NUCOURT (WENNNINGS);;;;2021-01-01;;active;501501051;true
C02426;441;441;bus;localBus;;1032;Transdev Côteaux de la Marne;;Marne et Seine;ff1400;ffffff;0 100 94 0;ffffff;unknown;true;true;A00466;SUCY-EN-BRIE (R.E.R.)  - NOISEAU (POSTE);;;;2021-01-04;;active;521521021;true
C02429;447;447;bus;localBus;;1032;Transdev Côteaux de la Marne;;Marne et Seine;3c91dc;ffffff;69 34 0 0;ffffff;unknown;true;true;A00078;St Maur des Fossés (La Varenne RER) - Ormesson sur Marne (Pince Vent);;;;2021-01-04;;active;521521081;true
C02430;448;448;bus;localBus;;1032;Transdev Côteaux de la Marne;;Marne et Seine;0055c8;ffffff;100 54 0 0;ffffff;unknown;true;true;A00078;St Maur des Fossés (La Varenne RER) - Ormesson sur Marne (Pince Vent);;;;2021-01-04;;active;521521082;true
C02448;5343;5343;bus;localBus;;1037;Transdev Sud Yvelines;;Centre et Sud Yvelines;c5a3cd;000000;21 17 0 13;000000;unknown;false;false;A02404;Mesnil St Denis (Mairie) - La Verrière (Gare);;;;2021-08-17;;active;530530603;false
C02475;Bus de substitution du métro 7;BUSM7;bus;;REPLACEMENT_LINE_TYPE;100;RATP;1035;;fa9aba;000000;0 38 26 2;000000;unknown;true;true;A01540;7;;;https://data.iledefrance-mobilites.fr/api/explore/v2.1/catalog/datasets/referentiel-des-lignes/files/b29f81837830b3a14fb876aaecc20e9c;2022-05-11;;active;100100707;unknown
C02480;41;41;bus;localBus;;1011;RD Mantois;;Mantois;ffcc30;000000;0 19 100 0;000000;unknown;partial;partial;A02472;AUBERGENVILLE GARE - AUBERGENVILLE FRESQUE - AUBERGENVILLE GARE;;;;2022-08-01;;active;000535041;unknown
C02483;Bus de substitution du métro 10;BUSM10;bus;;REPLACEMENT_LINE_TYPE;100;RATP;1035;;c9910d;000000;0 28 94 21;000000;unknown;true;true;A01543;10;;;https://data.iledefrance-mobilites.fr/api/explore/v2.1/catalog/datasets/referentiel-des-lignes/files/4adaa198c6e4212d9f8bfe0e744ba857;2022-06-07;;active;100100710;unknown
C02484;RD14;RD14;bus;localBus;;1015;Keolis Val d'Yerres Val de Seine;;Val d'Yerres Val de Seine;aaaaaa;000000;0 0 0 33;000000;unknown;unknown;unknown;A00335;Juvisy (Gare Routière) - Draveil (Bergerie St Hubert);;;;2022-07-04;;active;520520114;partial
C02486;Soirée Bouray;Soir;bus;demandAndResponseBus;;1016;Keolis Val d'Essonne Deux Vallées;;Essonne Sud Est;640082;ffffff;75 100 0 0;ffffff;unknown;unknown;unknown;A02457;Bus de soiree - Gare de Bouray;;;;2022-07-04;;active;531531701;partial
C02488;Navette autonome Vincennes;NAVAUT1;bus;;;100;RATP;;;274e13;ffffff;49 0 76 69;ffffff;unknown;true;true;;;;;;2022-06-21;;active;100100531;unknown
C02489;Soirée Meaux Nord;Soir;bus;demandAndResponseBus;;1019;Transdev Marne-et-Ourcq;;Meaux et Ourcq;652c8f;ffffff;16 39 0 44;ffffff;unknown;unknown;unknown;A02589;Bus soirée Meaux Nord;;;;2022-07-04;;active;511511700;partial
C02491;Soir Saint-Germain-en-Laye;Soir;bus;demandAndResponseBus;;1021;Transdev Boucle des Lys;;Saint Germain Boucles de Seine;652c8f;ffffff;16 39 0 44;ffffff;unknown;unknown;unknown;A02358;BUS SOIREE SAINT GERMAIN EN LAYE GARE;;;;2022-07-04;;active;532532100;partial
C02492;Bus de substitution du métro 3;BUSM3;bus;;REPLACEMENT_LINE_TYPE;100;RATP;1035;;829300;ffffff;0 7 98 49;ffffff;unknown;true;true;A01536;3;;;https://data.iledefrance-mobilites.fr/api/explore/v2.1/catalog/datasets/referentiel-des-lignes/files/418ea5fcc3bf22ac253c1aafcd531684;2022-06-28;;active;100100703;unknown
C02493;TàD Courtaboeuf;TàD;bus;demandAndResponseBus;;1013;RD Saclay;;Paris Saclay;fecb00;000000;0 20 100 0;000000;unknown;unknown;unknown;A02237;TAD Courtabœuf circuit 1;;;;2022-07-06;;active;526526600;unknown
C02496;TàD 4301/202;TàD 4301;bus;demandAndResponseBus;;1016;Keolis Val d'Essonne Deux Vallées;;Essonne Sud Est;ffbe00;000000;0 19 100 0;000000;unknown;unknown;unknown;A02459;TAD Itteville - Gare de Bretigny;Réservation obligatoire;Réservation obligatoire;;2022-07-04;;active;531531600;partial
C02498;Y;Y;bus;;;334;Autocars Dominique;;Paris-Saclay Mobilités;ed165a;ffffff;0 91 62 7;ffffff;unknown;unknown;unknown;A02592;Palaiseau;;;;2022-08-16;;active;100591600;unknown
C02504;Soirée Crosne;Soir;bus;demandAndResponseBus;;1015;Keolis Val d'Yerres Val de Seine;;Val d'Yerres Val de Seine;652c8f;ffffff;16 39 0 44;ffffff;unknown;unknown;unknown;A02352;TAD Crosnes/ Yerres/ Brunoy/ Boussy Saint Antoine/ Quincy sous Sénart;;;;2022-08-22;;active;520520027;partial
C02508;Soirée Boussy Saint Antoine;Soir;bus;demandAndResponseBus;;1015;Keolis Val d'Yerres Val de Seine;;Val d'Yerres Val de Seine;652c8f;ffffff;16 39 0 44;ffffff;unknown;unknown;unknown;A02352;TAD Crosnes/ Yerres/ Brunoy/ Boussy Saint Antoine/ Quincy sous Sénart;;;https://data.iledefrance-mobilites.fr/api/explore/v2.1/catalog/datasets/referentiel-des-lignes/files/77388aeafa2547652b60c0e0f732fd3b;2022-08-22;;active;520520027;partial
C02519;3113;3113;bus;;;1025;Keolis Portes et Val de Brie;;Pays Briard;00b397;000000;100 0 16 30;000000;unknown;unknown;unknown;A00013;OZOIR-LA-FERRIERE (RER)  - TOURNAN-EN-BRIE (RER);;;https://data.iledefrance-mobilites.fr/api/explore/v2.1/catalog/datasets/referentiel-des-lignes/files/7da577a29065df0b244fd9fd82c17008;2022-10-31;;active;513513211;partial
C02523;Soir - Ozoir-la-Ferrière;Soir;bus;demandAndResponseBus;;1025;Keolis Portes et Val de Brie;;Pays Briard;662583;ffffff;22 72 0 49;ffffff;unknown;false;false;A02701;Service divergent de soirée Ozoir-la-Ferrière;Bus Soirée;"Pas besoin de réserver !
1- A la gare à l’horaire prévu, je monte dans le bus.
2- Je valide mon titre de transport.
3- J’indique au conducteur mon arrêt de descente.
4- Le conducteur adapte son itinéraire en fonction des demandes.";;2022-12-07;;active;513513702;partial
C02532;Bus de substitution du métro 5;BUSM5;bus;;REPLACEMENT_LINE_TYPE;100;RATP;1035;;ff7e2e;000000;0 51 82 0;000000;unknown;true;true;A01538;5;;;https://data.iledefrance-mobilites.fr/api/explore/v2.1/catalog/datasets/referentiel-des-lignes/files/e1babbb11951e80ae32d076528ef2ad1;2023-02-22;;active;100100705;unknown
C02552;56;56;bus;;;1010;Keolis Seine et Oise Est;;Poissy - Les Mureaux;ff1400;ffffff;0 100 94 0;ffffff;unknown;true;true;A02559;Poissy (Rond-point de l'Île) - Poissy (Le Corbusier);;;;2023-04-09;;active;534534607;partial
C02565;1;1;bus;;;1010;Keolis Seine et Oise Est;;Poissy - Les Mureaux;ff1400;ffffff;0 100 94 0;ffffff;unknown;true;true;A02540;Carrières-sous-Poissy (Maison des Insectes) - Saint-Germain-en-Laye RER;;;;2023-04-09;;active;534534501;partial
C02569;7;7;bus;;;1010;Keolis Seine et Oise Est;;Poissy - Les Mureaux;640082;ffffff;75 100 0 0;ffffff;unknown;true;true;A02544;Les Mureaux (Centre hospitalier) - Aubergenville (Marques Avenue) ou Les Mureaux (Descartes);;;;2023-04-09;;active;534534513;partial
C02571;14;14;bus;;;1010;Keolis Seine et Oise Est;;Poissy - Les Mureaux;82dc73;000000;54 0 54 0;000000;unknown;true;true;A02546;Vernouillet (Collège Emile Zola) - Vernouillet (Collège Emile Zola);;;;2023-04-09;;active;534534545;partial
C02572;TàD;TàD;bus;demandAndResponseBus;;1026;Transdev Pays de Fontainebleau;;Fontainebleau - Moret;fecb00;000000;0 20 100 0;000000;unknown;unknown;unknown;A02477;TAD Gâtinais;Réservation obligatoire;Réservation obligatoire;;2023-07-01;;active;516516600;partial
C02574;TàD Montereau Ouest;TàD;bus;demandAndResponseBus;;1027;Francilité Pays de Montereau;;Pays de Montereau;ffcd03;000000;0 20 99 0;000000;unknown;unknown;unknown;A02427;TAD Montereau zone 1;Réservation obligatoire;"Réservez :
- Sur l'appli TàD IDFM
- Sur le site tad.iledefrance-mobilites.fr
- Au téléphone au 01 64 70 41 80";;2023-07-01;;active;515515031;unknown
C02578;TàD Montereau Est;TàD;bus;demandAndResponseBus;;1027;Francilité Pays de Montereau;;Pays de Montereau;ffcd03;000000;0 20 99 0;000000;unknown;unknown;unknown;A02715;TAD MONTEREAU-FAULT-YONNE (ZA CONFLUENT)  - MONTEREAU-FAULT-YONNE (GARE);Réservation obligatoire;"Réservez :
- Sur l'appli TàD IDFM
- Sur le site tad.iledefrance-mobilites.fr
- Au téléphone au 01 64 70 41 80";;2023-08-01;;active;515515035;unknown
C02581;TàD Nangis / La-Chapelle-Rablais;TàD;bus;demandAndResponseBus;;1030;Francilité Grand Provinois;;Provinois - Brie et Seine;ffcc30;000000;0 19 100 0;000000;unknown;false;false;A02599;TAD Villefermoy ligne virtuelle de la CC Brie Nangissienne;Réservation obligatoire;Réservation obligatoire;;2023-07-01;;active;097677016;unknown
C02582;TàD Balade du Montois;TàD;bus;demandAndResponseBus;;1030;Francilité Grand Provinois;;Provinois - Brie et Seine;fecb00;000000;0 20 100 0;000000;unknown;false;false;A02600;"TAD délégué CC Bassée Montois - ""Balade Proxibus"" desservant plusieurs communes de CCBM";Réservation obligatoire;Réservation obligatoire;;2023-07-01;;active;228677599;unknown
C02588;TàD Sud Meulan - Les Mureaux;TàD;bus;demandAndResponseBus;;1010;Keolis Seine et Oise Est;;Poissy - Les Mureaux;ffbe00;000000;0 19 100 0;000000;unknown;unknown;unknown;A02469;TAD SUD MEULAN - LES MUREAUX;;;;2021-08-01;;active;534534402;partial
C02596;Soirée Morêt-sur-Loing;Soir;bus;demandAndResponseBus;;1026;Transdev Pays de Fontainebleau;;Fontainebleau - Moret;652c8f;ffffff;16 39 0 44;ffffff;unknown;true;true;A02713;Service divergent gare de Moret-Veneux-les-Sablons;;;;2023-07-01;;active;516516105;partial
C02608;4348;4348;bus;;;1016;Keolis Val d'Essonne Deux Vallées;;Essonne Sud Est;82c8e6;000000;44 0 12 0;000000;unknown;unknown;unknown;A02923;Boutigny-sur-Essonne - Cerny;;;;2023-06-30;;active;531531005;partial
C02613;TàD Balade en Provinois;TàD;bus;;;1030;Francilité Grand Provinois;;Provinois - Brie et Seine;ffcc30;000000;0 19 100 0;000000;unknown;false;false;A01798;B.A.LA.DE;;;;2023-07-24;;active;228677006;unknown
C02617;3102;3102;bus;regionalBus;;1025;Keolis Portes et Val de Brie;;Pays Briard;bb4b9b;ffffff;0 60 17 27;ffffff;unknown;true;true;A02771;ligne régulière 2;;;https://data.iledefrance-mobilites.fr/api/explore/v2.1/catalog/datasets/referentiel-des-lignes/files/856a606a9f4546d979ab4c27c963d189;2023-08-25;;active;513513007;partial
C02619;3108;3108;bus;regionalBus;;1025;Keolis Portes et Val de Brie;;Pays Briard;87d3df;ffffff;39 5 0 13;ffffff;unknown;true;true;A02772;ligne 3s;;;https://data.iledefrance-mobilites.fr/api/explore/v2.1/catalog/datasets/referentiel-des-lignes/files/e63467a8b8dcf75eae7f1d17eb1d984f;2023-09-05;;active;513513103;partial
C02626;Soir Vernouillet-Verneuil;Soir;bus;demandAndResponseBus;;1010;Keolis Seine et Oise Est;;Poissy - Les Mureaux;640082;ffffff;75 100 0 0;ffffff;unknown;true;true;A02470;BUS SOIREE POISSY - VERNEUIL-SUR-SEINE - LES MUREAUX;;;;2023-10-16;;active;534534403;partial
C02641;Soir Rambouillet;Soir;bus;demandAndResponseBus;;1037;Transdev Sud Yvelines;;Centre et Sud Yvelines;640082;ffffff;16 39 0 44;ffffff;unknown;unknown;unknown;A02795;SD de Rambouillet;;;;2023-12-06;;active;530530704;false
C02643;Bus soirée SQY Bois d'Arcy;Soir;bus;;;1023;Francilité Saint-Quentin-en-Yvelines;;Saint-Quentin-en-Yvelines;aaaaaa;000000;0 0 0 33;000000;unknown;unknown;unknown;A02693;Bus soirée SQY Bois d'Arcy;;;;2023-12-12;;active;000529701;unknown
C02661;Soir Brétigny;Soir;bus;demandAndResponseBus;;1033;Transdev Cœur Essonne;;Cœur d’Essonne;640082;ffffff;16 39 0 44;ffffff;unknown;false;false;A02753;SD de Brétigny;;;;2023-12-28;;active;000525700;partial
C02671;2283;2283;bus;;;1002;Transdev Marne-la-Vallée;;Marne-la-Vallée;82c8e6;000000;69 34 0 0;000000;unknown;true;true;A02823;NOISIEL - SAINT-LAURENT;;;;2024-04-22;;active;510510083;partial
C02677;A02 Saint Denis Université;A02 SDU;bus;;;503;Aéroport Paris-Beauvais / SAGEB;;Aérobus;709974;ffffff;27 0 24 40;ffffff;false;false;false;;;;;;2024-03-04;;active;503503002;unknown
C02679;A05 Disneyland Paris;A05 DIS;bus;;;503;Aéroport Paris-Beauvais / SAGEB;;Aérobus;a50034;ffffff;0 100 69 35;ffffff;false;false;false;;;;;;2024-03-21;;active;503503005;unknown
C02680;23S;23S;bus;;;1019;Transdev Marne-et-Ourcq;;Meaux et Ourcq;177fc2;ffffff;88 35 0 24;ffffff;unknown;unknown;unknown;A02935;Armentières-en-Brie Centre <> Lizy-sur-Ourcq Collège Camille Saint-Saëns;;;;2024-09-02;;active;;partial
C02683;60;60;bus;;SEASONAL_LINE_TYPE;1012;Keolis Argenteuil Boucles de Seine;;Argenteuil - Boucles de Seine;00643c;ffffff;100 24 87 0;ffffff;unknown;true;true;A02930;Maisons-Laffitte Eugène Adam - Sartrouville Lycée Evariste Galois;;;;2024-09-02;;active;;partial
C02684;61;61;bus;;SEASONAL_LINE_TYPE;1012;Keolis Argenteuil Boucles de Seine;;Argenteuil - Boucles de Seine;ff82b4;ffffff;0 47 11 0;ffffff;unknown;true;true;A02931;Maisons-Laffitte Place Napoléon - Sartrouville Lycée Evariste Galois;;;;2024-09-02;;active;;partial
C02691;Soirée Chessy;Soir;bus;demandAndResponseBus;;1002;Transdev Marne-la-Vallée;;Marne-la-Vallée;652c8f;ffffff;16 39 0 44;ffffff;unknown;unknown;unknown;A02835;BUS SOIREE CHESSY;;;;2024-04-22;;active;510510103;partial
C02702;2161;2161;bus;;;1029;Keolis Roissy Pays de France Est;;Roissy Est;006db8;ffffff;100 41 0 28;ffffff;unknown;unknown;unknown;A02872;SAINT-MARD – Collège Georges Brassens | Centre de Thieux;;;;2024-04-22;;active;;partial
C02707;2166;2166;bus;;;1029;Keolis Roissy Pays de France Est;;Roissy Est;b80c4b;ffffff;0 96 63 27;ffffff;unknown;unknown;unknown;A02876;MORTEFONTAINE – Institut St-Dominique | Église de Saint-Soupplets;;;;2024-04-22;;active;;partial
C02708;2157;2157;bus;;;1029;Keolis Roissy Pays de France Est;;Roissy Est;008c5a;ffffff;100 0 39 49;ffffff;unknown;unknown;unknown;A02868;SAINT-PATHUS – Collège Jean des Barres | SAINT-PATHUS – Haute Garenne;;;;2024-04-22;;active;;partial
C02709;N148;N148;bus;nightBus;;1041;Francilité Val Parisis;;Val Parisis;00b397;ffffff;87 54 0 39;ffffff;unknown;unknown;unknown;A02598;N148 Gare de l'Est - Taverny;;;;2024-08-01;;active;;unknown
C02740;4222;4222;bus;;;1038;TISSE;;Evry Centre Essonne;d2d200;000000;0 0 100 18;000000;unknown;unknown;unknown;A00596;STE GENEVIEVE DES BOIS (ZI Croix Blanche) - GRIGNY (Tuileries);;;https://data.iledefrance-mobilites.fr/api/explore/v2.1/catalog/datasets/referentiel-des-lignes/files/a7418b65beeab2ba283cff892c76c6cf;2025-01-06;;active;;partial
C02741;5297;5297;bus;localBus;;1037;Transdev Sud Yvelines;;Centre et Sud Yvelines;bb4b9b;ffffff;0 0 0 33;ffffff;unknown;unknown;unknown;A02949;SAINT-GERMAIN-EN-LAYE Lycée International <> CHAVENAY Sucrerie;;;;2025-01-31;;active;530530132;false
C02742;5296;5296;bus;localBus;;1037;Transdev Sud Yvelines;;Centre et Sud Yvelines;c5a3cd;000000;0 0 0 33;000000;unknown;unknown;unknown;A02948;SAINT-GERMAIN-EN-LAYE Lycée International <> PLAISIR Pablo Picasso;;;;2025-01-31;;active;530530128;false
C02749;TAD FLEXIGO 31 et 35;TAD;bus;demandAndResponseBus;;1007;Transdev Vexin;;;aaaaaa;000000;0 0 0 33;000000;unknown;unknown;unknown;A02326;TAD FLEXIGO 31 et 35;;;;2019-03-07;;active;;false
C02750;Bus de Soirée Nemours;Soir;bus;demandAndResponseBus;;1031;Transdev Vallée du Loing;;Vallée du Loing - Nemours;652c8f;ffffff;16 39 0 44;ffffff;unknown;unknown;unknown;A02767;Service divergent soirée Nemours;;;;2023-07-20;;active;;partial
C02751;TAD OURCQ OUEST;TAD;bus;demandAndResponseBus;;1019;Transdev Marne-et-Ourcq;;;aaaaaa;000000;0 0 0 33;000000;unknown;unknown;unknown;A02761;TAD OURCQ OUEST;;;;2023-06-27;;active;;partial
C02759;TAD Ville de Coulommiers;TAD;bus;demandAndResponseBus;;1020;Transdev Brie et 2 Morin;;;aaaaaa;000000;0 0 0 33;000000;unknown;unknown;unknown;A00914;TAD COULOMMIERS (Gare SNCF)  - DAGNY (Mairie);;;;2014-07-16;;active;;partial
C02760;TAD Amillis - Coulommiers;TAD;bus;;;1020;Transdev Brie et 2 Morin;;;aaaaaa;000000;0 0 0 33;000000;unknown;unknown;unknown;A02353;TAD Amillis - Coulommiers;;;;2019-10-23;;active;;true
C02763;TAD Zonal Crécy la Chapelle (soir);TAD;bus;demandAndResponseBus;;1020;Transdev Brie et 2 Morin;;;aaaaaa;000000;0 0 0 33;000000;unknown;unknown;unknown;A02606;TAD Zonal Crécy la Chapelle (soir);;;;2022-06-10;;active;;true
C02769;Soirée Vigneux-sur-Seine;Soir;bus;;;1015;Keolis Val d'Yerres Val de Seine;;;640082;ffffff;26 85 0 0;ffffff;unknown;unknown;unknown;A02953;Bus de soirée Vigneux-sur-Seine;;;https://data.iledefrance-mobilites.fr/api/explore/v2.1/catalog/datasets/referentiel-des-lignes/files/9304ad39f92ee15d17eec1b13ebced22;2025-03-03;;active;;partial
C02772;Soirée Quincy-sous-Sénart;Soir;bus;demandAndResponseBus;;1015;Keolis Val d'Yerres Val de Seine;;;640082;ffffff;26 85 0 0;ffffff;unknown;unknown;unknown;A02956;Bus de soirée Quincy-sous-Sénart;;;https://data.iledefrance-mobilites.fr/api/explore/v2.1/catalog/datasets/referentiel-des-lignes/files/0f2dccb64387dc5c67e3954753ddbe74;2025-03-03;;active;;partial
C02777;TAD MORET-SUR-LOING;TAD;bus;demandAndResponseBus;;1026;Transdev Pays de Fontainebleau;;;aaaaaa;000000;0 0 0 33;000000;unknown;unknown;unknown;A02365;TAD MORET-SUR-LOING;;;;2020-01-22;;active;;partial
C02780;TAD SAINTE ASSISE;TAD;bus;demandAndResponseBus;;1009;Transdev Melun;;;ffbe00;000000;0 19 100 0;000000;unknown;unknown;unknown;A02769;TAD SAINTE ASSISE;;;;2023-08-18;;active;;true
C02781;TAD Boissise le Roi - Pringy;TAD;bus;demandAndResponseBus;;1009;Transdev Melun;;;ffbe00;000000;0 19 100 0;000000;unknown;unknown;unknown;A02770;TAD Boissise le Roi - Pringy;;;;2023-08-18;;active;;true
C02782;4157;4157;bus;regionalBus;;1015;Keolis Val d'Yerres Val de Seine;;Val d'Yerres Val de Seine;a50034;ffffff;0 100 46 26;ffffff;unknown;unknown;unknown;A00338;JUVISY-SUR-ORGE (GARE SNCF)  - DRAVEIL (HOPITAL JOFFRE);;;https://data.iledefrance-mobilites.fr/api/explore/v2.1/catalog/datasets/referentiel-des-lignes/files/cd3433fd1a7af6ea7998848d4c811b38;2025-02-28;;active;520520017;partial
C02788;TAD Dimanche;TAD;bus;;;101;STBC;;;aaaaaa;000000;0 0 0 33;000000;unknown;unknown;unknown;A02581;TAD DIMANCHE;;;;2024-01-01;;active;101677599;unknown
C00003;Licorne;Licorne;bus;localBus;;1004;Keolis Ouest Val-de-Marne;;Seine Grand Orly;ff82b4;000000;0 47 11 0;000000;false;true;true;A02312;VILLENEUVE-LE-ROI (la Fresnaie) - VILLENEUVE-LE-ROI (foyer Jean Rostand);;;;2014-07-16;;active;522522481;partial
C00009;3103;3103;bus;localBus;;1025;Keolis Portes et Val de Brie;;Pays Briard;662d9a;ffffff;30 69 0 43;ffffff;unknown;true;true;A00007;Presles en Brie (Villepatour PN) - Tournan en Brie (Collège Vermay/Lycée Clément Ader);;;https://data.iledefrance-mobilites.fr/api/explore/v2.1/catalog/datasets/referentiel-des-lignes/files/5319a8521d577c020540a400addb4b97;2014-07-16;;active;513513003;partial
C00012;3107;3107;bus;regionalBus;;1025;Keolis Portes et Val de Brie;;Pays Briard;78c696;000000;39 0 24 22;000000;false;true;true;A00010;TOURNAN-EN-BRIE - TOURNAN-EN-BRIE;;;https://data.iledefrance-mobilites.fr/api/explore/v2.1/catalog/datasets/referentiel-des-lignes/files/353a33ce76768622bdc491276d78cd93;2014-07-16;;active;513513107;partial
C00015;3111;3111;bus;regionalBus;;1025;Keolis Portes et Val de Brie;;Pays Briard;018150;ffffff;99 0 38 49;ffffff;false;true;true;A00013;OZOIR-LA-FERRIERE (RER)  - TOURNAN-EN-BRIE (RER);;;;2014-07-16;;active;513513011;partial
C00018;3119;3119;bus;regionalBus;;1025;Keolis Portes et Val de Brie;;Pays Briard;ed1c2a;ffffff;0 88 82 7;ffffff;unknown;true;true;A00016;ROZAY-EN-BRIE (Lycée Tour des Dames)  - PRESLES-EN-BRIE (Place);;;https://data.iledefrance-mobilites.fr/api/explore/v2.1/catalog/datasets/referentiel-des-lignes/files/a7fe97b450b38822bd95689b65f5a460;2014-07-16;;active;513513121;partial
C00030;E;E;bus;localBus;;003;N4 Mobilités;;Sit'bus;d896c1;000000;0 31 11 15;000000;false;unknown;unknown;A00028;OZOIR-LA-FERRIERE (Intermarché)  - ROISSY-EN-BRIE (RER);;;;2014-07-16;;active;003351503;false
C00031;A;A;bus;regionalBus;;003;N4 Mobilités;;Sit'bus;008d36;ffffff;100 0 61 45;ffffff;false;unknown;unknown;A00029;ROISSY-EN-BRIE (Manoir)  - NOISIEL (RER);;;;2014-07-16;;active;003351504;false
C00048;6140;6140;bus;localBus;;1017;Keolis Vélizy Vallée de la Bièvre;;Vélizy Vallées;ff5a00;000000;0 53 78 0;000000;true;true;true;A02151;Boulogne Billancourt (Pont de Sèvres) – Vélizy Villacoublay (Inovel Parc Nord);;;;2014-07-16;;active;527527040;partial
C00051;6145;6145;bus;regionalBus;;1017;Keolis Vélizy Vallée de la Bièvre;;Vélizy Vallées;a0006e;ffffff;26 85 0 0;ffffff;false;true;true;A00047;Sevres (Musée de Sèvres-T2) - Velizy Villacoublay (Mairie de Vélizy);;;;2014-07-16;;active;527527029;partial
C00057;5209;5209;bus;localBus;;1037;Transdev Sud Yvelines;;Centre et Sud Yvelines;87d3df;000000;35 18 0 10;ffffff;unknown;true;true;A00053;TILLY Église <> LA-QUEUE-LEZ-YVELINES/MONTFORT-L'AMAURY;;;;2014-07-16;;active;530530009;false
C00069;4;4;bus;;;1013;RD Saclay;;Paris Saclay;e78c29;000000;0 40 82 9;000000;unknown;unknown;unknown;A00065;BURES-SUR-YVETTE (Gare)  - LES ULIS (Centre Commercial);;;;2014-07-16;;active;526526104;unknown
C00082;4437;4437;bus;;;1018;Francilité Ouest Essonne;;Essonne Sud Ouest;008c5a;ffffff;100 0 36 45;ffffff;false;unknown;unknown;A02443;Lardy - Gare de Bouray;;;;2014-07-16;;active;524524301;partial
C00093;114;114;bus;;;1013;RD Saclay;;Paris Saclay;19ff99;000000;90 0 40 0;000000;false;unknown;unknown;A02132;Gare d'Epinay - EPINAY SUR ORGE;;;;2014-07-16;;active;526526028;unknown
C00101;4324;4324;bus;localBus;;1016;Keolis Val d'Essonne Deux Vallées;;Essonne Sud Est;ff1400;ffffff;0 100 94 0;ffffff;unknown;unknown;unknown;A00091;Ballancourt sur Essonne (Gare SNCF) - Corbeil Essonne (Place du 8 mai/Lycée);;;;2014-07-16;;active;531531023;partial
C00109;45;45;bus;localBus;;1011;RD Mantois;;Mantois;65318f;ffffff;75 100 0 0;ffffff;unknown;partial;partial;A00101;BOINVILLE Eglise - AUBERGENVILLE Lycée Van Gogh;;;;2014-07-16;;active;000535010;unknown
C00110;73;73;bus;localBus;;1010;Keolis Seine et Oise Est;;Poissy - Les Mureaux;a0006e;ffffff;26 85 0 0;ffffff;unknown;true;true;A00102;LES MUREAUX (Gare)  - AUBERGENVILLE (Lycée Van Gogh);;;;2014-07-16;;active;534534624;partial
C00112;5314;5314;bus;localBus;;1037;Transdev Sud Yvelines;;Centre et Sud Yvelines;78c696;000000;13 0 19 25;ffffff;unknown;true;true;A00104;Gare de MAULE <> SAINT-GERMAIN-EN-LAYE;;;;2014-07-16;;active;530530114;false
C00122;6283;6283;bus;localBus;;1034;Transdev Versailles;;Grand Versailles;640082;ffffff;23 100 0 49;ffffff;unknown;true;true;A00114;ST-NOM-LA-BRETECHE (Mairie) - LA CELLE-ST-CLOUD - LE CHESNAY (Hôpital Mignot);;;;2014-07-16;;active;528528071;true
C00124;5270;5270;bus;localBus;;1037;Transdev Sud Yvelines;;Centre et Sud Yvelines;f78f4b;000000;0 39 89 10;ffffff;unknown;true;true;A00116;CRESPIERES (Croix Mairie)  - MARLY-LE-ROI (Lycée de Brooglie);;;;2014-07-16;;active;530530170;false
C00126;5299;5299;bus;localBus;;1037;Transdev Sud Yvelines;;Centre et Sud Yvelines;662d91;ffffff;39 35 0 28;ffffff;unknown;true;true;A00118;CRESPIERES (Croix Marie)  - NOISY-LE-ROI (Collège La Quintinie);;;;2014-07-16;;active;530530172;false
C00153;18s;18s;bus;localBus;;1021;Transdev Boucle des Lys;;Saint Germain Boucles de Seine;fbe800;000000;0 7 100 2;000000;unknown;unknown;unknown;A00141;MARLY-LE-ROI (Gare)  - MARLY-LE-ROI (gare);;;;2014-07-16;;active;532532018;partial
C00158;R2 Nord;R2N;bus;regionalBus;;1021;Transdev Boucle des Lys;;Saint Germain Boucles de Seine;9fc5e8;ffffff;31 15 0 9;ffffff;true;true;true;A00145;ST-GERMAIN-EN-LAYE (GARE RER)  - ST-GERMAIN-EN-LAYE (GARE RER);;;;2014-07-16;;active;532532032;partial
C00167;4461;4461;bus;;;1018;Francilité Ouest Essonne;;Essonne Sud Ouest;bb4b9b;ffffff;0 60 17 27;ffffff;false;unknown;unknown;A02433;Dourdan - Gare de Dourdan;;;;2014-07-16;;active;524524061;partial
C00173;5318;5318;bus;localBus;;1037;Transdev Sud Yvelines;;Centre et Sud Yvelines;b80c4b;ffffff;0 100 51 14;ffffff;unknown;true;true;A00158;ABLIS/ORSONVILLE <> Gare de DOURDAN;;;;2014-07-16;;active;530530518;false
C00179;5226;5226;bus;localBus;;1037;Transdev Sud Yvelines;;Centre et Sud Yvelines;b80c4b;ffffff;0 49 27 10;ffffff;unknown;true;true;A00164;ST-ARNOULT-EN-YVELINES (Brassens) - ORSONVILLE (Eglise);;;;2014-07-16;;active;530530026;false
C00181;5230;5230;bus;localBus;;1037;Transdev Sud Yvelines;;Centre et Sud Yvelines;00b397;ffffff;30 0 5 20;ffffff;unknown;true;true;A00166;RAMBOUILLET (PRAIRIE)  - EMANCE (RUE DE GAZERAN);;;;2014-07-16;;active;530530030;false
C00183;5302;5302;bus;regionalBus;;1037;Transdev Sud Yvelines;;Centre et Sud Yvelines;006db8;ffffff;100 36 0 25;ffffff;false;true;true;A00168;Rambouillet (Métairie) - Rambouillet (Métairie);;;;2014-07-16;;active;530530101;false
C00184;5303;5303;bus;localBus;;1037;Transdev Sud Yvelines;;Centre et Sud Yvelines;f78f4b;000000;0 30 93 5;ffffff;false;true;true;A00169;Rambouillet (Le CERRSY) - Rambouillet (Arbouville);;;;2014-07-16;;active;530530102;false
C00189;1;1;bus;regionalBus;;1024;Transdev Nord Seine-Saint-Denis;;Terres d'Envol;00814f;ffffff;100 0 39 49;ffffff;unknown;true;true;A00174;Mitry Mory (Villeparisis/Mitry le Neuf RER B) - Le Blanc Mesnil (Le Blanc Mesnil Gare RER B);;;;2014-07-16;;active;501501001;partial
C00196;1314;1314;bus;;;1039;Keolis Nord Val d’Oise;;Haut Val d'Oise;662483;ffffff;22 73 0 49;ffffff;unknown;true;true;A00178;ASNIERES-SUR-OISE (BAILLON)  - VIARMES (SNCF);;;;2014-07-16;;active;014014014;partial
C00203;2122;2122;bus;;;1029;Keolis Roissy Pays de France Est;;Roissy Est;8d5e2a;ffffff;0 33 70 45;ffffff;unknown;true;true;A00183;VILLEPARISIS - SAINT MARD;;;;2014-07-16;;active;014014022;partial
C00221;2127;2127;bus;localBus;;1029;Keolis Roissy Pays de France Est;;Roissy Est;f59eb3;000000;0 35 26 4;000000;unknown;true;true;A00198;MITRY-MORY (GARE DE VILLEPARISIS)  - MITRY-MORY (VILLEPARISIS MITRY LE NEUF RER);;;;2014-07-16;;active;014014071;partial
C00223;EX 93;EX 93;bus;expressBus;;1028;Keolis Roissy Pays de France Ouest;;Roissy Ouest;5191cd;ffffff;60 29 0 20;ffffff;false;true;true;A00200;BOBIGNY (pablo picasso)  - TREMBLAY-EN-FRANCE (Roissypôle RER);;;;2014-07-16;;active;014014093;partial
C00226;R117;R117;bus;;SEASONAL_LINE_TYPE;1028;Keolis Roissy Pays de France Ouest;;Roissy Ouest;f4a8bc;000000;0 31 23 4;000000;false;true;true;A00204;Centre-Ville-SURVILLIERS - Lycée Gérard de Nerval-LUZARCHES;;;;2014-07-16;;active;014014117;partial
C00232;R5;R5;bus;;;1028;Keolis Roissy Pays de France Ouest;;Roissy Ouest;fece00;000000;0 19 100 0;000000;unknown;true;true;A00215;LOUVRES (RER)  - LOUVRES (RER);;;;2014-07-16;;active;014014905;partial
C00236;R111;R111;bus;;;1028;Keolis Roissy Pays de France Ouest;;Roissy Ouest;f5a05f;000000;0 35 61 4;000000;false;true;true;A00219;VEMARS (LES DIX ARPENTS)  - LOUVRES (COLLEGE FRANCOIS MAURIAC);;;;2014-07-16;;active;014014911;partial
C00241;R106;R106;bus;;;1028;Keolis Roissy Pays de France Ouest;;Roissy Ouest;662483;ffffff;22 73 0 49;ffffff;false;true;true;A02493;Calvaire-GOUSSAINVILLE - Institut Saint-Dominique-MORTEFONTAINE;;;;2014-07-16;;active;014014106;partial
C00247;2103;2103;bus;;;1029;Keolis Roissy Pays de France Est;;Roissy Est;87d3df;000000;39 5 0 12;000000;unknown;true;true;A00226;LONGPERRIER (LYCEE CHARLES DE GAULLE)  - ST-MARD - ST-PATHUS (LES FRENES);;;;2014-07-16;;active;014077703;partial
C00252;2109;2109;bus;;;1029;Keolis Roissy Pays de France Est;;Roissy Est;e3b229;000000;0 22 82 11;000000;unknown;true;true;A00231;ST-MARD (Collège Brassens)  - LONGPERRIER (Gazon);;;;2014-07-16;;active;014077709;partial
C00267;31;31;bus;localBus;;1010;Keolis Seine et Oise Est;;Poissy - Les Mureaux;dc9600;000000;0 19 88 13;000000;unknown;true;true;A00249;Desserte interne de Carrières-sous-Poissy;;;;2014-07-16;;active;534534561;partial
C00275;70;70;bus;localBus;;1010;Keolis Seine et Oise Est;;Poissy - Les Mureaux;dc9600;000000;0 19 88 13;000000;unknown;true;true;A00258;Les Mureaux (Gare) - Chambourcy (collège A. Derain) / St-Germain-en-Laye;;;;2014-07-16;;active;534534621;partial
C00279;5295;5295;bus;localBus;;1037;Transdev Sud Yvelines;;Centre et Sud Yvelines;f59eb3;000000;0 26 14 4;ffffff;unknown;true;true;A00262;SAINT-GERMAIN-EN-LAYE Lycée International <>  BAILLY Allée de Tillet;;;;2014-07-16;;active;530530127;false
C00288;87;87;bus;localBus;;1011;RD Mantois;;Mantois;ffcc30;000000;0 19 100 0;000000;unknown;partial;partial;A00271;LIMAY ou LAINVILLE ou AINCOURT - POISSY Peugeot;;;;2014-07-16;;active;000535007;unknown
C00297;8;8;bus;regionalBus;;1012;Keolis Argenteuil Boucles de Seine;;Argenteuil - Boucles de Seine;6e491e;ffffff;54 68 100 0;ffffff;true;unknown;unknown;A00290;ARGENTEUIL BERIONNE - GARE D'ARGENTEUIL;;;;2014-07-16;;active;000533008;partial
C00307;1537;1537;bus;regionalBus;;1008;Transdev Valmy;;Vallée de Montmorency;65318f;ffffff;75 100 0 0;ffffff;unknown;true;partial;A00280;EPINAY-SUR-SEINE (GARE)  - MONTMAGNY (JB CLEMENT);;;;2014-07-16;;active;505505037;false
C00311;503 Scolaire;503;bus;localBus;SEASONAL_LINE_TYPE;1012;Keolis Argenteuil Boucles de Seine;;Argenteuil - Boucles de Seine;ff8c57;000000;0 45 66 0;000000;false;true;true;A00289;Gare de Sartrouville intérieure;;;;2014-07-16;;active;000533005;partial
C00317;H;H;bus;regionalBus;;1012;Keolis Argenteuil Boucles de Seine;;Argenteuil - Boucles de Seine;3c91dc;ffffff;69 34 0 0;ffffff;true;unknown;unknown;A00285;BEZONS (Plateau)  - HOUILLES (Gare);;;;2014-07-16;;active;000533025;partial
C00319;4301;4301;bus;localBus;;1016;Keolis Val d'Essonne Deux Vallées;;Essonne Sud Est;82dc73;000000;54 0 54 0;000000;unknown;unknown;unknown;A00297;BALLANCOURT-SUR-ESSONNE (Gare)  - MAROLLES-EN-HUREPOIX (Gare);;;;2014-07-16;;active;531531110;partial
C00322;4303;4303;bus;localBus;;1016;Keolis Val d'Essonne Deux Vallées;;Essonne Sud Est;3c91dc;ffffff;69 34 0 0;ffffff;unknown;unknown;unknown;A00299;BALLANCOURT-SUR-ESSONNE - BALLANCOURT-SUR-ESSONNE;;;;2014-07-16;;active;531531112;partial
C00325;12;12;bus;localBus;;1012;Keolis Argenteuil Boucles de Seine;;Argenteuil - Boucles de Seine;82c8e6;000000;44 0 12 0;000000;unknown;unknown;unknown;A00303;CHATOU - RUEIL-MALMAISON;;;;2014-07-16;;active;000533212;partial
C00334;K;K;bus;localBus;;1012;Keolis Argenteuil Boucles de Seine;;Argenteuil - Boucles de Seine;ff8c94;ffffff;0 45 42 0;ffffff;false;unknown;unknown;A00313;HOUILLES (GARE RER)  - HOUILLES (Gare RER);;;;2014-07-16;;active;000533010;partial
C00335;C;C;bus;regionalBus;;1012;Keolis Argenteuil Boucles de Seine;;Argenteuil - Boucles de Seine;ff1400;ffffff;0 100 94 0;ffffff;false;unknown;unknown;A00314;HOUILLES ( GARE RER)  - LE VESINET (GARE RER);;;;2014-07-16;;active;000533019;partial
C00336;M;M;bus;localBus;;1012;Keolis Argenteuil Boucles de Seine;;Argenteuil - Boucles de Seine;8ce39c;ffffff;38 0 31 11;ffffff;true;unknown;unknown;A00315;LE VESINET (Gare RER)  - CROISSY-SUR-SEINE - CHATOU (Gare RER);;;;2014-07-16;;active;000533021;partial
C00337;G;G;bus;localBus;;1012;Keolis Argenteuil Boucles de Seine;;Argenteuil - Boucles de Seine;9b9bcd;ffffff;34 45 0 0;ffffff;true;unknown;unknown;A00316;SARTROUVILLE (GER)  - LE VESINET (GARE);;;;2014-07-16;;active;000533022;partial
C00339;401;401;bus;;;1014;RD Bièvre;;Bièvre;82c8e6;000000;44 0 12 0;000000;unknown;unknown;unknown;A00318;ANTONY (Antony RER)  - WISSOUS (CONCORDE);;;;2014-07-16;;active;537537002;unknown
C00343;6;6;bus;localBus;;1022;Transdev Vallée Sud;;Vallée Grand Sud Paris;ff1400;ffffff;0 100 94 0;ffffff;unknown;unknown;unknown;A00322;SCEAUX (CANBERWELL)  - SCEAUX (CANBERWELL);;;;2014-07-16;;active;020149006;false
C00345;408;408;bus;;;1014;RD Bièvre;;Bièvre;ffbe00;000000;0 19 100 0;000000;false;unknown;unknown;A00324;ANTONY (RER)  - VERRIERES-LE-BUISSON MAIRIE;;;;2014-07-16;;active;537537005;unknown
C00346;409;409;bus;;;1014;RD Bièvre;;Bièvre;00643c;ffffff;100 0 83 24;ffffff;unknown;unknown;unknown;A00325;ANTONY (RER)  - MASSY HOPITAL JACQUES CARTIER;;;;2014-07-16;;active;537537006;unknown
C00356;4118;4118;bus;regionalBus;;1015;Keolis Val d'Yerres Val de Seine;;Val d'Yerres Val de Seine;82c8e6;000000;44 0 12 0;000000;true;unknown;unknown;A02400;MONTGERON GARE - MONTGERON VALDOLY;;;https://data.iledefrance-mobilites.fr/api/explore/v2.1/catalog/datasets/referentiel-des-lignes/files/5af855ffc0431bbd103e032f200a97da;2014-07-16;;active;520520106;partial
C00358;4114;4114;bus;regionalBus;;1015;Keolis Val d'Yerres Val de Seine;;Val d'Yerres Val de Seine;00643c;ffffff;100 0 83 24;ffffff;unknown;unknown;unknown;A00331;VIGNEUX-SUR-SEINE - MONTGERON - DRAVEIL - VIGNEUX-SUR-SEINE;;;https://data.iledefrance-mobilites.fr/api/explore/v2.1/catalog/datasets/referentiel-des-lignes/files/66bc75efae54a488bda6a11e67856401;2014-07-16;;active;520520002;partial
C00367;4162;4162;bus;localBus;;1015;Keolis Val d'Yerres Val de Seine;;Val d'Yerres Val de Seine;a0006e;ffffff;26 85 0 0;ffffff;unknown;unknown;unknown;A00333;MONTGERON (Lycée)  - DRAVEIL - JUVISY-SUR-ORGE (Gare routière);;;https://data.iledefrance-mobilites.fr/api/explore/v2.1/catalog/datasets/referentiel-des-lignes/files/9efffc9f830d34e1b3884f68bd3c1a3a;2014-07-16;;active;520520105;partial
C00374;4151;4151;bus;localBus;;1015;Keolis Val d'Yerres Val de Seine;;Val d'Yerres Val de Seine;ff82b4;000000;0 47 11 0;000000;unknown;unknown;unknown;A00336;DRAVEIL (BERGERIES ST HUBERT)  - JUVISY-SUR-ORGE (SNCF);;;;2014-07-16;;active;520520115;partial
C00387;4274;4274;bus;localBus;;1038;TISSE;;Evry Centre Essonne;ffbe00;000000;0 25 100 0;000000;unknown;unknown;unknown;A00347;CORBEIL-ESSONNES (gare SNCF) - SAINTRY-SUR-SEINE;;;https://data.iledefrance-mobilites.fr/api/explore/v2.1/catalog/datasets/referentiel-des-lignes/files/468a45be640d0835b807d91305628f85;2014-07-16;;active;024309312;partial
C00408;6211;6211;bus;;;1034;Transdev Versailles;;Grand Versailles;00643c;ffffff;100 0 40 60;ffffff;true;true;true;A00362;BOIS-D'ARCY - VERSAILLES;;;;2014-07-16;;active;528528111;partial
C00411;7815;7815;bus;expressBus;;1036;Francilité Express Ouest;;Lignes Île-de-France Ouest;3c91dc;ffffff;69 34 0 0;ffffff;unknown;true;true;A00365;ST-CLOUD (Gare-Hôpital)  - PLAISIR (Decaux);;;https://data.iledefrance-mobilites.fr/api/explore/v2.1/catalog/datasets/referentiel-des-lignes/files/8666290b324e65bd4abb850330ed0060;2014-07-16;2030-12-31;active;027027015;unknown
C00422;5219;5219;bus;;;1037;Transdev Sud Yvelines;;Centre et Sud Yvelines;c5a3cd;000000;9 24 0 22;ffffff;unknown;false;false;A00375;VILLIERS-SAINT-FREDERIC Lycée Viollet le Duc - BEYNES / ST REMY L'HONORE;;;;2014-07-16;;active;530530218;false
C00442;30-09;30-09;bus;localBus;;1041;Francilité Val Parisis;;Val Parisis;ffe533;ffffff;0 2 83 3;ffffff;true;true;true;A00384;BEAUCHAMP (gare)  - BEAUCHAMP (Gare);;;;2014-07-16;;active;030030009;unknown
C00445;30-12;30-12;bus;localBus;;1041;Francilité Val Parisis;;Val Parisis;0075aa;ffffff;100 9 0 30;ffffff;true;true;true;A00387;CORMEILLES-EN-PARISIS;;;;2014-07-16;;active;030030012;unknown
C00454;76;76;bus;localBus;;1010;Keolis Seine et Oise Est;;Poissy - Les Mureaux;640082;ffffff;75 100 0 0;ffffff;unknown;unknown;unknown;A00396;Menucourt / Jouy-le-Moutier - Verneuil (Notre-Dame);;;;2014-07-16;;active;534534627;partial
C00461;30-34 Scolaire;30-34;bus;localBus;;1041;Francilité Val Parisis;;Val Parisis;e8bb00;ffffff;0 20 97 12;ffffff;unknown;true;true;A00403;CORMEILLES-EN-PARISIS (2 ème Collège)  - LA FRETTE-SUR-SEINE;;;;2014-07-16;;active;030030034;unknown
C00465;1519;1519;bus;localBus;;1008;Transdev Valmy;;Vallée de Montmorency;5091cb;ffffff;69 34 0 0;ffffff;unknown;true;partial;A00407;ST-BRICE-SOUS-FORET (GARE)  - ST-BRICE-SOUS-FORET (ROUGEMENTS/LIBERTE);;;;2014-07-16;;active;505505019;false
C00467;30-43;30-43;bus;localBus;;1041;Francilité Val Parisis;;Val Parisis;e6007e;ffffff;0 100 0 0;ffffff;unknown;true;true;A00409;ERMONT (LA TOUR)  - ERMONT (GARE DE CERNAY);;;;2014-07-16;;active;030030043;unknown
C00481;CitéVal Sud Herblay;CitéVal S;bus;;;1041;Francilité Val Parisis;;;00538d;ffffff;100 50 0 30;ffffff;unknown;true;true;A02904;Citéval d'Herblay circuit sud;;;;2014-07-16;;active;030595045;unknown
C00487;3804;3804;bus;localBus;;1041;Francilité Val Parisis;;Val Parisis;02853a;ffffff;81 0 91 27;ffffff;true;true;true;A00423;EAUBONNE (HOPITA2L)  - EAUBONNE (ERMONT EAUBONNE GARE);;;;2014-07-16;;active;038038004;unknown
C00495;11;11;bus;;;1013;RD Saclay;;Paris Saclay;009a7a;ffffff;100 0 20 40;ffffff;unknown;unknown;unknown;A00429;GIF-SUR-YVETTE - LES ULIS;;;;2014-07-16;;active;526526008;unknown
C00496;5339;5339;bus;;;1037;Transdev Sud Yvelines;;Centre et Sud Yvelines;b80c4b;ffffff;0 94 31 38;ffffff;unknown;false;false;A00430;ST-REMY-LES-CHEVREUSE (RER)  - ST-REMY-LES-CHEVREUSE (DOMAINE DE ST-PAUL);;;;2014-07-16;;active;530530110;false
C00513;5293;5293;bus;;;1037;Transdev Sud Yvelines;;Centre et Sud Yvelines;78c696;000000;57 3 0 58;ffffff;false;false;false;A02887;LIMOURS (collège M. VIGNAUD) - LIMOURS (Collège M.VIGNAUD);;;;2014-07-16;;active;530530093;false
C00544;5141;5141;bus;regionalBus;;1023;Francilité Saint-Quentin-en-Yvelines;;Saint-Quentin-en-Yvelines;00b297;ffffff;82 0 54 0;ffffff;true;true;true;A00456;VERSAILLES (CHATEAU RIVE GAUCHE GARE)  - VOISINS-LE-BRETONNEUX (CHAMFLEURY);;;;2014-07-16;;active;529529100;partial
C00545;5140;5140;bus;regionalBus;;1023;Francilité Saint-Quentin-en-Yvelines;;Saint-Quentin-en-Yvelines;d282be;000000;21 38 0 0;000000;true;true;true;A02676;VERSAILLES Château Rive Gauche Gare / VOISINS-Le-BX Chamfleury;;;;2014-07-16;;active;529529099;partial
C00548;451;451;bus;localBus;;1032;Transdev Côteaux de la Marne;;Marne et Seine;82c8e6;000000;44 0 12 0;000000;unknown;true;true;A00461;BOISSY-ST-LEGER (R.E.R.)  - SANTENY (RN);;;;2014-07-16;;active;521521012;true
C00550;3121;3121;bus;regionalBus;;1025;Keolis Portes et Val de Brie;;Pays Briard;008c5a;ffffff;100 0 36 45;ffffff;unknown;true;true;A00463;BOISSY-ST-LEGER (GARE RER)  - GUIGNES (LES SABLONS);;;https://data.iledefrance-mobilites.fr/api/explore/v2.1/catalog/datasets/referentiel-des-lignes/files/4ff8592979d16cf106650d48cea44688;2014-07-16;;active;513513021;partial
C00552;431;431;bus;localBus;;1032;Transdev Côteaux de la Marne;;Marne et Seine;640082;ffffff;75 100 0 0;ffffff;unknown;true;true;A00465;SUCY-EN-BRIE (R.E.R.)  - SUCY-EN-BRIE (PATTE D'OIE);;;https://data.iledefrance-mobilites.fr/api/explore/v2.1/catalog/datasets/referentiel-des-lignes/files/5e302fc287f3a58d8004bbc986f8ecd7;2014-07-16;;active;521521001;true
C00554;433;433;bus;localBus;;1032;Transdev Côteaux de la Marne;;Marne et Seine;3c91dc;ffffff;69 34 0 0;ffffff;unknown;true;true;A00467;SUCY-EN-BRIE (R.E.R.)  - NOISEAU (JACQUES PREVERT);;;;2014-07-16;;active;521521103;true
C00562;N1;N1;bus;airportLinkBus;;043;ADP;;;df3a82;ffffff;0 74 41 13;ffffff;unknown;unknown;unknown;;;;;;2014-07-16;;active;043043001;unknown
C00571;5199;5199;bus;;;1023;Francilité Saint-Quentin-en-Yvelines;;Saint-Quentin-en-Yvelines;82c8e6;000000;44 0 12 0;000000;unknown;unknown;unknown;A00481;LES CLAYES-SOUS-BOIS (AVRE)  - VILLEPREUX (LYCEE);;;;2014-07-16;;active;529529004;true
C00574;427;427;bus;regionalBus;;1032;Transdev Côteaux de la Marne;;Marne et Seine;ffbe00;000000;0 19 100 0;000000;true;true;true;A00484;VILLENEUVE-ST-GEORGES (RER D)  - BOISSY-ST-LEGER - VILLENEUVE-ST-GEORGES (GARE RERD);;;;2014-07-16;;active;521521004;true
C00579;4158;4158;bus;regionalBus;;1015;Keolis Val d'Yerres Val de Seine;;Val d'Yerres Val de Seine;e2ba00;000000;0 18 100 11;000000;unknown;unknown;unknown;A00489;BRUNOY (GARE RER)  - BRUNOY (GARE RER);;;https://data.iledefrance-mobilites.fr/api/explore/v2.1/catalog/datasets/referentiel-des-lignes/files/13150e9aafdcdad8ce675519dd01ef84;2014-07-16;;active;520520009;partial
C00580;4134;4134;bus;localBus;;1015;Keolis Val d'Yerres Val de Seine;;Val d'Yerres Val de Seine;3c91dc;ffffff;69 34 0 0;ffffff;unknown;unknown;unknown;A00490;BRUNOY (PYRAMIDE)  - VILLENEUVE-ST-GEORGES (GARE RER);;;https://data.iledefrance-mobilites.fr/api/explore/v2.1/catalog/datasets/referentiel-des-lignes/files/97450aafc9b0740e85ed3876688bdae3;2014-07-16;;active;520520010;partial
C00592;4110;4110;bus;regionalBus;;1015;Keolis Val d'Yerres Val de Seine;;Val d'Yerres Val de Seine;6e491e;ffffff;0 30 100 54;ffffff;unknown;unknown;unknown;A00500;YERRES (GARE RER D)  - VILLECRESNES (CES LA GUINETTE);;;https://data.iledefrance-mobilites.fr/api/explore/v2.1/catalog/datasets/referentiel-des-lignes/files/bbe8c2d88a22353adef281fd83ebf486;2014-07-16;;active;520520025;partial
C00600;4152;4152;bus;localBus;;1015;Keolis Val d'Yerres Val de Seine;;Val d'Yerres Val de Seine;d282be;000000;21 38 0 0;000000;false;unknown;unknown;A00486;MONTGERON (GARE RER)  - MONTGERON (GARE RER);;;https://data.iledefrance-mobilites.fr/api/explore/v2.1/catalog/datasets/referentiel-des-lignes/files/5c247868f877cefbb2d14c783f44e16d;2014-07-16;;active;520520006;partial
C00621;2290;2290;bus;localBus;;1002;Transdev Marne-la-Vallée;;Marne-la-Vallée;ff5a00;000000;0 53 78 0;000000;unknown;true;true;A00529;TORCY (TORCY RER)  - OZOIR-LA-FERRIERE (SNCF);;;;2014-07-16;;active;510510013;partial
C00633;2253;2253;bus;localBus;;1002;Transdev Marne-la-Vallée;;Marne-la-Vallée;ffbe50;000000;0 19 100 0;000000;false;true;true;A00541;LAGNY-SUR-MARNE (SERVICE URBAIN)  - LAGNY-SUR-MARNE (FOCH/PAIX NOTRE DAME);;;;2014-07-16;;active;510510037;partial
C00636;2244;2244;bus;localBus;;1002;Transdev Marne-la-Vallée;;Marne-la-Vallée;6e6e00;ffffff;19 0 100 33;ffffff;unknown;true;true;A00544;Bussy Saint Georges - Bussy Saint Georges;;;;2014-07-16;;active;510510044;partial
C00643;71;71;bus;localBus;;1010;Keolis Seine et Oise Est;;Poissy - Les Mureaux;ff1400;ffffff;0 100 94 0;ffffff;unknown;true;true;A00552;Ecquevilly (Les Sablons) - Morainvilliers - Orgeval - Poissy (Gare);;;;2014-07-16;;active;534534622;partial
C00652;7808;7808;bus;expressBus;;1036;Francilité Express Ouest;;Lignes Île-de-France Ouest;3c91dc;ffffff;69 34 0 0;ffffff;unknown;true;true;A00561;MANTES-LA-VILLE (SNCF)  - CERGY (CERGY PREFECTURE);;;;2014-07-16;;active;052052080;unknown
C00669;4280;4280;bus;;;1038;TISSE;;Evry Centre Essonne;a0981a;ffffff;0 5 84 37;ffffff;false;unknown;unknown;A00575;MONTLHERY (Place de l'Europe) - VIRY-CHATILLON (Parc Leblanc);;;https://data.iledefrance-mobilites.fr/api/explore/v2.1/catalog/datasets/referentiel-des-lignes/files/3c0a188e0dc407d9e5b606ac3b82faa0;2014-07-16;;active;055055007;partial
C00672;DM10A;DM10A;bus;;;1013;RD Saclay;;Paris Saclay;99d4df;000000;31 5 0 13;000000;unknown;unknown;unknown;A00578;ORSAY (RER)  - LES ULIS - MARCOUSSIS (Zi Fond des Prés);;;;2014-07-16;;active;526526110;unknown
C00674;DM11G;DM11G;bus;;;1013;RD Saclay;;Paris Saclay;0065ae;ffffff;100 42 0 32;ffffff;unknown;unknown;unknown;A00589;MASSY (R.E.R.)  - MARCOUSSIS (Z,I FONDS DES PRES);;;;2014-07-16;;active;526526123;unknown
C00692;6201;6201;bus;regionalBus;;1034;Transdev Versailles;;Grand Versailles;ff1400;ffffff;0 100 94 0;ffffff;true;true;true;A00597;VERSAILLES (Satory)  - LE CHESNAY (Hôpital A. Mignot);;;;2014-07-16;;active;528528001;partial
C00698;6207;6207;bus;;;1034;Transdev Versailles;;Grand Versailles;6e491e;ffffff;0 30 100 54;ffffff;unknown;true;true;A00603;LE CHESNAY-ROCQUENCOURT Centre Commercial Parly 2 - VIROFLAY Gare Rive Gauche;;;;2014-07-16;;active;528528008;false
C00699;6208;6208;bus;localBus;;1034;Transdev Versailles;;Grand Versailles;82dc73;000000;54 0 54 0;000000;true;true;true;A00604;LE CHESNAY (Passy)  - LA CELLE-ST-CLOUD - VAUCRESSON (Gare S.N.C.F.);;;;2014-07-16;;active;528528009;false
C00706;6172;6172;bus;localBus;;1017;Keolis Vélizy Vallée de la Bièvre;;Vélizy Vallées;6e491e;ffffff;0 30 100 54;000000;unknown;true;true;A00611;LE CHESNAY (C.C. Parly 2)  - VILLE-D'AVRAY (Eglise);;;;2014-07-16;;active;527527018;partial
C00707;6173;6173;bus;localBus;;1017;Keolis Vélizy Vallée de la Bièvre;;Vélizy Vallées;ff82b4;000000;0 47 11 0;000000;unknown;true;true;A00612;VERSAILLES (Gare des Chantiers)  - LOUVECIENNES (Bull);;;;2014-07-16;;active;527527019;partial
C00708;6174;6174;bus;localBus;;1017;Keolis Vélizy Vallée de la Bièvre;;Vélizy Vallées;d282be;000000;21 38 0 0;000000;unknown;true;true;A00613;VIROFLAY (Gare Rive Gauche)  - LE CHESNAY (Parly 2 - Les Comtesses);;;;2014-07-16;;active;527527020;partial
C00727;5;5;bus;localBus;;1011;RD Mantois;;Mantois;8ad3de;000000;44 0 12 0;000000;unknown;true;true;A00627;BENNECOURT Gloton - BONNIERES SUR SEINE;;;;2014-07-16;;active;000535103;unknown
C00728;4;4;bus;localBus;;1011;RD Mantois;;Mantois;891d81;ffffff;0 79 7 46;ffffff;unknown;true;true;A00628;LA VILLENEUVE EN CHEVRIE Tasses - BONNIERES SUR SEINE Gare Routière;;;;2014-07-16;;active;000535104;unknown
C00731;9;9;bus;localBus;;1011;RD Mantois;;Mantois;008b5b;ffffff;100 0 83 24;ffffff;unknown;partial;partial;A00632;VERNEUIL SUR SEINE ou MEULAN - MANTES LA JOLIE;;;;2014-07-16;;active;000535109;unknown
C00733;15;15;bus;localBus;;1011;RD Mantois;;Mantois;b6134c;ffffff;0 100 46 26;ffffff;unknown;partial;partial;A00634;GUERNES Mairie - FOLLAINVILLE Diderot - MANTES LA JOLIE Gare;;;;2014-07-16;;active;000535015;unknown
C00739;21;21;bus;localBus;;1011;RD Mantois;;Mantois;8d653d;ffffff;0 30 100 54;ffffff;unknown;partial;partial;A00640;LIMAY Lycée Condorcet - MANTES LA JOLIE Gare;;;;2014-07-16;;active;000535021;unknown
C00740;22;22;bus;localBus;;1011;RD Mantois;;Mantois;8ad3de;000000;44 0 12 0;000000;unknown;true;true;A00641;MANTES LA VILLE Gare routière - SAINT GERMAIN EN LAYE République;;;;2014-07-16;;active;000535022;unknown
C00741;26;26;bus;localBus;;1011;RD Mantois;;Mantois;65318f;ffffff;75 100 0 0;ffffff;unknown;true;true;A01463;MAGNANVILLE Lycée Senghor  - MANTES LA JOLIE Lycées Saint Exupery et Rostand;;;;2014-07-16;;active;000535026;unknown
C00744;52;52;bus;localBus;;1011;RD Mantois;;Mantois;00b297;ffffff;82 0 54 0;ffffff;unknown;partial;partial;A00642;FONTENAY SAINT PÈRE Eglise - MANTES LA JOLIE Gare;;;;2014-07-16;;active;000535050;unknown
C00749;82;82;bus;localBus;;1011;RD Mantois;;Mantois;ffcc30;000000;0 19 100 0;000000;unknown;partial;partial;A00631;81 ISSOU Mairie - PORCHEVILLE - EPONE Gare ou 82 GARGENVILLE Hanneucourt - EPONE Gare;;;;2014-07-16;;active;000535008;unknown
C00760;91;91;bus;localBus;;1011;RD Mantois;;Mantois;eb2132;ffffff;0 100 94 0;ffffff;unknown;true;true;A00653;91 LOMOY - BREVAL - PERDREAUVILLE - MAGNANVILLE Lycée;;;;2014-07-16;;active;000535120;unknown
C00766;1238;1238;bus;localBus;;1040;Francilité Seine et Oise;;Cergy-Pontoise Confluence;ff1400;ffffff;0 100 94 0;ffffff;false;true;true;A00659;CERGY (PREFECTURE)  - MENUCOURT (CES LA TAILLETTE);;;;2014-07-16;;active;059440038;true
C00767;1239;1239;bus;localBus;;1040;Francilité Seine et Oise;;Cergy-Pontoise Confluence;d2d200;000000;14 0 100 11;000000;true;true;true;A00660;CERGY (GARE)  - MENUCOURT (CROIX DU JUBILE);;;;2014-07-16;;active;059440039;true
C00768;1240;1240;bus;localBus;;1040;Francilité Seine et Oise;;Cergy-Pontoise Confluence;0055c8;ffffff;100 54 0 0;ffffff;false;true;true;A00661;CERGY (GARE CERGY-ST-CHRISTOPHE)  - VAUREAL (LA SIAULE);;;;2014-07-16;;active;059440040;true
C00769;1202;1202;bus;regionalBus;;1040;Francilité Seine et Oise;;Cergy-Pontoise Confluence;ff5a00;000000;0 53 78 0;000000;true;true;true;A00662;CERGY ( PREFECTURE)  - PONTOISE (LES BEURRIERS);;;;2014-07-16;;active;059440042;true
C00771;1224;1224;bus;localBus;;1040;Francilité Seine et Oise;;Cergy-Pontoise Confluence;d282be;000000;21 38 0 0;000000;true;true;true;A00664;PONTOISE (Gare)  - CERGY (RER CERGY-ST-CHRISTOPHE);;;;2014-07-16;;active;059440044;true
C00773;1237;1237;bus;localBus;;1040;Francilité Seine et Oise;;Cergy-Pontoise Confluence;6e491e;ffffff;0 30 100 54;ffffff;false;true;true;A00666;VAUREAL (LA BUSSIE)  - JOUY-LE-MOUTIER (CROIX ST JACQUES);;;;2014-07-16;;active;059440047;true
C00797;3412;3412;bus;localBus;;1026;Transdev Pays de Fontainebleau;;Fontainebleau - Moret;ff5a00;000000;0 53 78 0;000000;false;true;true;A02827;Le Bac Samoreau <=> Gare routière François 1er Fontainebleau;;;;2014-07-16;;active;516516112;partial
C00799;3439;3439;bus;localBus;;1026;Transdev Pays de Fontainebleau;;Fontainebleau - Moret;00643c;ffffff;100 0 83 24;ffffff;false;true;true;A00686;Marangis Route de Valence <=> Gare Avon;;;;2014-07-16;;active;516516009;partial
C00822;3540;3540;bus;localBus;;1031;Transdev Vallée du Loing;;Vallée du Loing - Nemours;6e6e00;ffffff;19 0 100 33;ffffff;false;true;true;A00706;VOULX (VAUCORNEILLE)  - NEMOURS (CITE SCOLAIRE);;;;2014-07-16;;active;517517009;partial
C00824;3510;3510;bus;localBus;;1031;Transdev Vallée du Loing;;Vallée du Loing - Nemours;ff82b4;000000;0 47 11 0;000000;false;true;true;A00708;BRANSLES (ARISTIDE BRIAND)  - ST-PIERRE-LES-NEMOURS (GARE SNCF);;;;2014-07-16;;active;517517011;partial
C00828;3437;3437;bus;localBus;;1026;Transdev Pays de Fontainebleau;;Fontainebleau - Moret;ff5a00;000000;0 53 78 0;000000;false;true;true;A00712;Ecole Villemer <=> Gare Moret Loing et Orvanne;;;;2014-07-16;;active;516516025;partial
C00833;3502;3502;bus;localBus;;1031;Transdev Vallée du Loing;;Vallée du Loing - Nemours;82dc73;000000;54 0 54 0;000000;unknown;true;true;A00717;ST-PIERRE-LES-NEMOURS (FROMONCEAU)  - ST-PIERRE-LES-NEMOURS (CHAINTREAUVILLE);;;;2014-07-16;;active;517517021;partial
C00834;3504;3504;bus;regionalBus;;1031;Transdev Vallée du Loing;;Vallée du Loing - Nemours;ff5a00;000000;0 53 78 0;000000;unknown;true;true;A00718;NEMOURS (CARREFOUR DE L'EUROPE)  - ST-PIERRE-LES-NEMOURS (GARE SNCF);;;;2014-07-16;;active;517517023;partial
C00844;3753;3753;bus;localBus;;1003;Transdev Senart;;Sénart;00643c;ffffff;100 24 87 0;ffffff;unknown;true;true;A00727;ST-PIERRE-DU-PERRAY (LE FRESNE)  - MORSANG-SUR-SEINE (MORSANG MAIRIE);;;;2014-07-16;;active;519519004;false
C00851;3736;3736;bus;regionalBus;;1003;Transdev Senart;;Sénart;ffbe01;000000;0 19 100 0;000000;unknown;true;true;A00733;SAVIGNY-LE-TEMPLE - CESSON;;;;2014-07-16;;active;519519036;false
C00862;3704;3704;bus;regionalBus;;1003;Transdev Senart;;Sénart;640082;ffffff;75 100 0 0;ffffff;false;true;true;A00743;MOISSY-CRAMAYEL (Les Gres)  - LIEUSAINT (Pte de Paris);;;;2014-07-16;;active;519519122;false
C00863;3722;3722;bus;regionalBus;;1003;Transdev Senart;;Sénart;ff1400;ffffff;0 100 94 0;ffffff;false;true;true;A00744;MOISSY-CRAMAYEL (Saint Michel)  - LIEUSAINT (GARE RER);;;;2014-07-16;;active;519519123;false
C00869;3735;3735;bus;localBus;;1003;Transdev Senart;;Sénart;ff82b4;000000;0 47 11 0;000000;unknown;true;true;A02577;Savigny-le-Temple - Gare de Savigny Nandy Réau - Centre Pénitentiaire;;;;2014-07-16;;active;519519078;false
C00871;3733;3733;bus;regionalBus;;1003;Transdev Senart;;Sénart;00643c;ffffff;100 0 83 24;ffffff;false;true;true;A00752;Savigny/Nandy (Gare RER) - Savigny/Nandy (Savigny la Grange);;;;2014-07-16;;active;519519139;false
C00877;3607;3607;bus;localBus;;1009;Transdev Melun;;Grand Melun;5a230a;ffffff;54 68 100 0;ffffff;true;true;true;A00758;MELUN (GARE)  - VAUX-LE-PENIL (VAUX PLEINS VENTS);;;;2014-07-16;;active;518518022;true
C00878;3608;3608;bus;localBus;;1009;Transdev Melun;;Grand Melun;dc9600;000000;13 30 90 0;000000;true;true;true;A02508;GARE DE MELUN - CURIE FOCH;;;;2014-07-16;;active;518518122;true
C00899;Js;Js;bus;localBus;;1019;Transdev Marne-et-Ourcq;;Meaux et Ourcq;5eb1e3;ffffff;59 22 0 11;ffffff;unknown;unknown;unknown;A02645;Germigny-L'Evêque - Jean Renoir <> Meaux - Jean Rose;;;;2014-07-16;;active;511511302;partial
C00902;C;C;bus;regionalBus;;1019;Transdev Marne-et-Ourcq;;Meaux et Ourcq;de7fb2;000000;0 43 20 13;000000;unknown;unknown;unknown;A00771;MEAUX (Gare SNCF)  - MEAUX (GARE SNCF);;;;2014-07-16;;active;511511005;partial
C00906;8B;8B;bus;localBus;;1020;Transdev Brie et 2 Morin;;Brie et 2 Morin;783f04;ffffff;0 48 97 53;ffffff;unknown;unknown;unknown;A02611;CRECY-LA-CHAPELLE (GARE SNCF) - CRECY-LA-CHAPELLE (GARE SNCF);;;;2014-07-16;;active;512512108;true
C00907;8C;8C;bus;localBus;;1020;Transdev Brie et 2 Morin;;Brie et 2 Morin;783f04;ffffff;0 48 97 53;ffffff;unknown;unknown;unknown;A02612;CRECY-LA-CHAPELLE (GARE SNCF) - CRECY-LA-CHAPELLE (GARE SNCF);;;;2014-07-16;;active;512512208;true
C00910;12;12;bus;localBus;;1020;Transdev Brie et 2 Morin;;Brie et 2 Morin;f178ae;000000;0 50 27 6;000000;unknown;unknown;unknown;A00777;MEAUX (COUBERTIN)  - CHESSY (RER);;;;2014-07-16;;active;512512012;true
C00913;18;18;bus;localBus;;1020;Transdev Brie et 2 Morin;;Brie et 2 Morin;674ea7;ffffff;38 53 0 35;ffffff;unknown;unknown;unknown;A00781;CRECY-LA-CHAPELLE (ANCIENNE GENDARMERIE)  - MEAUX (COUBERTIN);;;;2014-07-16;;active;512512018;true
C00920;31;31;bus;localBus;;1020;Transdev Brie et 2 Morin;;Brie et 2 Morin;351c75;ffffff;55 76 0 54;ffffff;unknown;unknown;unknown;A00789;MERY-SUR-MARNE (La Brussette)  - LA FERTE-SOUS-JOUARRE (Gare SNCF);;;;2014-07-16;;active;512512031;true
C00922;32;32;bus;localBus;;1020;Transdev Brie et 2 Morin;;Brie et 2 Morin;35b660;ffffff;71 0 47 29;ffffff;false;unknown;unknown;A00790;CHARLY-SUR-MARNE (Poste)  - LA FERTE-SOUS-JOUARRE (Gare SNCF);;;;2014-07-16;;active;512512032;true
C00923;33;33;bus;localBus;;1020;Transdev Brie et 2 Morin;;Brie et 2 Morin;bf6cac;ffffff;0 44 10 25;ffffff;unknown;unknown;unknown;A00791;HONDEVILLIERS (arrêt CENTRE)  - LA FERTE-SOUS-JOUARRE (Gare SNCF);;;;2014-07-16;;active;512512033;true
C00929;42;42;bus;localBus;;1019;Transdev Marne-et-Ourcq;;Meaux et Ourcq;ffff00;000000;0 0 100 0;000000;unknown;unknown;unknown;A00796;DHUISY (Chambardy)  - LIZY-SUR-OURCQ (Gare S.N.C.F.);;;;2014-07-16;;active;511511042;partial
C00934;49;49;bus;localBus;;1020;Transdev Brie et 2 Morin;;Brie et 2 Morin;ef373e;ffffff;0 77 74 6;ffffff;false;unknown;unknown;A00800;LA FERTE-SOUS-JOUARRE (Gare)  - LA FERTE-SOUS-JOUARRE (Gare);;;;2014-07-16;;active;512512049;true
C00944;59;59;bus;;;1020;Transdev Brie et 2 Morin;;Brie et 2 Morin;c1d95c;000000;11 0 58 15;000000;unknown;unknown;unknown;A00807;CRECY-LA-CHAPELLE (CAMPING)  - CHESSY (RER);;;;2014-07-16;;active;512512059;true
C00947;Express 62;62EX;bus;expressBus;;1020;Transdev Brie et 2 Morin;;Brie et 2 Morin;3bb2ff;ffffff;77 30 0 0;ffffff;unknown;unknown;unknown;A00810;LA FERTE-SOUS-JOUARRE (GARE SNCF)  - CHESSY (GARE RER);;;;2014-07-16;;active;512512062;true
C00964;4582;4582;bus;localBus;;1033;Transdev Cœur Essonne;;Cœur d’Essonne;00643c;ffffff;100 24 87 0;ffffff;unknown;true;true;A00829;BOISSY-SOUS-ST-YON (BAS DE TORFOU)  - ARPAJON (LEP BELMONDO);;;;2014-07-16;;active;525525105;partial
C00966;4578;4578;bus;localBus;;1033;Transdev Cœur Essonne;;Cœur d’Essonne;d282be;000000;21 38 0 0;000000;unknown;true;true;A00831;BREUILLET (GARE RER)  - ST-CHERON (COLLEGE DU PONT DE BOIS);;;;2014-07-16;;active;525525108;partial
C00979;4410;4410;bus;;;1018;Francilité Ouest Essonne;;Essonne Sud Ouest;008c5a;ffffff;100 0 36 45;ffffff;unknown;unknown;unknown;A00844;MEROBERT (AUBERT)  - ETAMPES (LEP BLERIOT);;;;2014-07-16;;active;524524010;partial
C00985;4231;4231;bus;regionalBus;;1038;TISSE;;Evry Centre Essonne;d282be;000000;0 38 10 18;000000;unknown;unknown;unknown;A00850;TIGERY - CORBEIL ESSONNE;;;https://data.iledefrance-mobilites.fr/api/explore/v2.1/catalog/datasets/referentiel-des-lignes/files/5ab0df24c1e1090c82f3cf2ffb437aa6;2014-07-16;;active;070070001;partial
C01012;3454;3454;bus;;;1026;Transdev Pays de Fontainebleau;;Fontainebleau - Moret;0a0082;ffffff;100 84 0 0;ffffff;unknown;true;true;A00876;MALESHERBES (GARE)  - AVON (GARE);;;;2014-07-16;;active;516516414;partial
C01033;75;75;bus;;;1011;RD Mantois;;Mantois;cec73d;000000;14 0 100 11;000000;unknown;true;true;A00886;GASNY Salle des fêtes - BONNIERES SUR SEINE SNCF ou BONNIERES SUR SEINE SNCF - VERNON Saint Adjutor;;;;2014-07-16;;active;000535001;unknown
C01047;26;26;bus;localBus;;1020;Transdev Brie et 2 Morin;;Brie et 2 Morin;0070c0;ffffff;100 41 0 25;ffffff;false;false;false;A00900;COULOMMIERS (CITE SCOLAIRE)  - VERDELOT (BRICE);;;;2014-07-16;;active;512512026;true
C01058;3139;3139;bus;localBus;;1025;Keolis Portes et Val de Brie;;Pays Briard;87d3df;ffffff;39 5 0 13;ffffff;false;true;true;A00911;FAREMOUTIERS (HLM)  - ROZAY-EN-BRIE (LYCEE LA TOUR DES DAMES);;;https://data.iledefrance-mobilites.fr/api/explore/v2.1/catalog/datasets/referentiel-des-lignes/files/90cd53166c82c6b732956098da95bff5;2014-07-16;;active;513513039;partial
C01059;40;40;bus;localBus;;1020;Transdev Brie et 2 Morin;;Brie et 2 Morin;cfe2f3;000000;15 7 0 5;000000;false;false;false;A00912;SEPT-SORTS (ZI Le Hainault)  - LA FERTE-SOUS-JOUARRE (GARE SNCF);;;;2014-07-16;;active;512512040;true
C01062;Express 01;01EX;bus;expressBus;;1020;Transdev Brie et 2 Morin;;Brie et 2 Morin;3bb2ff;000000;77 30 0 0;000000;false;partial;partial;A00915;MELUN (Place de l'Ermitage/Gare SNCF)  - REBAIS (Giblois/Curie);;;;2014-07-16;;active;512512001;true
C01074;22;22;bus;;;100;RATP;;;00643c;ffffff;100 0 38 61;ffffff;true;true;true;A00928;22;;;;2014-07-16;;active;100100022;partial
C01079;29;29;bus;;;100;RATP;;;82c8e6;000000;43 13 0 10;000000;true;true;true;A00933;29;;;;2014-07-16;;active;100100029;partial
C01080;30;30;bus;;;100;RATP;;;640082;ffffff;23 100 0 49;ffffff;true;true;true;A00934;30;;;;2014-07-16;;active;100100030;false
C01083;38;38;bus;;;100;RATP;;;0055c8;ffffff;100 57 0 22;ffffff;true;true;true;A00937;38;;;;2014-07-16;;active;100100038;true
C01092;54;54;bus;;;100;RATP;;;82c8e6;000000;43 13 0 10;000000;true;true;true;A00946;54;;;;2014-07-16;;active;100100054;partial
C01096;60;60;bus;;;100;RATP;;;ff1400;ffffff;0 92 100 0;ffffff;true;true;true;A00950;60;;;;2014-07-16;;active;100100060;false
C01102;66;66;bus;;;100;RATP;;;00643c;ffffff;100 0 37 61;ffffff;true;true;true;A00956;66;;;;2014-07-16;;active;100100066;partial
C01125;94;94;bus;;;100;RATP;;;a0006e;ffffff;0 100 32 37;ffffff;true;true;true;A00979;94;;;;2014-07-16;;active;100100094;partial
C01126;95;95;bus;;;100;RATP;;;640082;ffffff;23 100 0 49;ffffff;true;true;true;A00980;95;;;;2014-07-16;;active;100100095;partial
C01131;102;102;bus;;;100;RATP;;;ffbe00;000000;0 25 100 0;000000;true;true;true;A00986;102;;;;2014-07-16;;active;100100102;false
C01132;103;103;bus;;;100;RATP;;;ff5a00;000000;0 65 100 0;000000;true;true;true;A00987;103;;;;2014-07-16;;active;100100103;partial
C01133;104;104;bus;;;100;RATP;;;ff1400;ffffff;0 92 100 0;ffffff;true;true;true;A00988;104;;;;2014-07-16;;active;100100104;true
C01141;112;112;bus;;;100;RATP;;;ff5a00;000000;0 65 100 0;000000;true;true;true;A00996;112;;;;2014-07-16;;active;100100112;false
C01145;116;116;bus;;;100;RATP;;;82c8e6;000000;43 13 0 10;000000;true;true;true;A01000;116;;;;2014-07-16;;active;100100116;false
C01150;121;121;bus;;;100;RATP;;;ff1400;ffffff;0 92 100 0;ffffff;true;true;true;A01005;121;;;;2014-07-16;;active;100100121;partial
C01151;122;122;bus;;;100;RATP;;;d282be;000000;0 38 9 18;000000;true;true;true;A01006;122;;;;2014-07-16;;active;100100122;false
C01155;126;126;bus;;;100;RATP;;;82c8e6;000000;43 13 0 10;000000;true;true;true;A01010;126;;;;2014-07-16;;active;100100126;false
C01156;127;127;bus;;;100;RATP;;;ff5a00;000000;0 65 100 0;000000;true;true;true;A01011;127;;;;2014-07-16;;active;100100127;false
C01159;131;131;bus;;;100;RATP;;;6e5b1e;ffffff;0 17 73 57;ffffff;true;true;true;A01014;131;;;;2014-07-16;;active;100100131;false
C01160;132;132;bus;;;100;RATP;;;640082;ffffff;23 100 0 49;ffffff;true;true;true;A01015;132;;;;2014-07-16;;active;100100132;true
C01166;140;140;bus;;;100;RATP;;;ff1400;ffffff;0 92 100 0;ffffff;true;true;true;A01021;140;;;;2014-07-16;;active;100100140;false
C01168;143;143;bus;;;100;RATP;;;0055c8;ffffff;100 57 0 22;ffffff;true;true;true;A01023;143;;;;2014-07-16;;active;100100143;false
C01176;152;152;bus;;;100;RATP;;;ff1400;ffffff;0 92 100 0;ffffff;true;true;true;A01032;152;;;;2014-07-16;;active;100100152;false
C01177;153;153;bus;;;100;RATP;;;00643c;ffffff;100 0 36 61;ffffff;true;true;true;A01033;153;;;;2014-07-16;;active;100100153;false
C01181;158;158;bus;;;100;RATP;;;ff5a00;000000;0 65 100 0;000000;true;true;true;A01037;158;;;;2014-07-16;;active;100100158;true
C01188;166;166;bus;;;100;RATP;;;640082;ffffff;23 100 0 49;ffffff;true;true;true;A01045;166;;;;2014-07-16;;active;100100166;partial
C01195;174;174;bus;;;100;RATP;;;00643c;ffffff;100 0 38 61;ffffff;true;true;true;A01053;174;;;;2014-07-16;;active;100100174;partial
C01208;187;187;bus;;;100;RATP;;;640082;ffffff;23 100 0 49;ffffff;true;true;true;A01066;187;;;;2014-07-16;;active;100100187;true
C01210;189;189;bus;;;100;RATP;;;ff5a00;000000;0 65 100 0;000000;true;true;true;A01068;189;;;;2014-07-16;;active;100100189;false
C01214;194;194;bus;;;100;RATP;;;ff5a00;000000;0 65 100 0;000000;true;true;true;A01072;194;;;;2014-07-16;;active;100100194;false
C01215;195;195;bus;;;100;RATP;;;a0006e;ffffff;0 100 32 37;ffffff;true;true;true;A01073;195;;;;2014-07-16;;active;100100195;false
C01218;199;199;bus;;;100;RATP;;;d2d200;000000;0 0 100 18;000000;true;true;true;A01076;199;;;;2014-07-16;;active;100100199;true
C01219;201;201;bus;;;100;RATP;;;6e5b1e;ffffff;0 17 73 57;ffffff;true;true;true;A01077;201;;;;2014-07-16;;active;100100201;false
C01223;208;208;bus;;;100;RATP;;;a0006e;ffffff;0 100 32 37;ffffff;true;true;true;A01081;208;;;;2014-07-16;;active;100100208;partial
C01224;210;210;bus;;;100;RATP;;;ffbe00;000000;0 25 100 0;000000;true;true;true;A01082;210;;;;2014-07-16;;active;100100210;false
C01227;213;213;bus;;;100;RATP;;;6e6e00;ffffff;0 0 100 57;ffffff;true;true;true;A01085;213;;;;2014-07-16;;active;100100213;true
C01231;217;217;bus;;;100;RATP;;;640082;ffffff;23 100 0 49;ffffff;true;true;true;A01088;217;;;;2014-07-16;;active;100100217;false
C01235;235;235;bus;;;100;RATP;;;ffbe00;000000;0 25 100 0;000000;true;true;true;A01092;235;;;;2014-07-16;;active;100100235;false
C01238;239;239;bus;;;100;RATP;;;a0006e;ffffff;0 100 32 37;ffffff;true;true;true;A01095;239;;;;2014-07-16;;active;100100239;false
C01239;241;241;bus;;;100;RATP;;;6e5b1e;ffffff;0 17 73 57;ffffff;true;true;true;A01097;241;;;;2014-07-16;;active;100100241;true
C01240;244;244;bus;;;100;RATP;;;a0006e;ffffff;0 100 32 37;ffffff;true;true;true;A01098;244;;;;2014-07-16;;active;100100244;true
C01241;249;249;bus;;;100;RATP;;;d2d200;000000;0 0 100 18;000000;true;true;true;A01099;249;;;;2014-07-16;;active;100100249;partial
C01245;253;253;bus;;;100;RATP;;;ffbe00;000000;0 25 100 0;000000;true;true;true;A01103;253;;;;2014-07-16;;active;100100253;false
C01247;256;256;bus;;;100;RATP;;;6e5b1e;ffffff;0 17 73 57;ffffff;true;true;true;A01106;256;;;;2014-07-16;;active;100100256;false
C01250;262;262;bus;;;1012;Keolis Argenteuil Boucles de Seine;;Argenteuil - Boucles de Seine;a0006e;ffffff;0 100 32 37;ffffff;true;true;true;A01109;262;;;;2014-07-16;;active;100100262;partial
C01253;270;270;bus;;;100;RATP;;;ff82b4;000000;0 49 29 0;000000;true;true;true;A01113;270;;;;2014-07-16;;active;100100270;false
C01254;272;272;bus;;;100;RATP;;;ff5a00;000000;0 65 100 0;000000;true;true;true;A01114;272;;;;2014-07-16;;active;100100272;true
C01256;275;275;bus;;;100;RATP;;;ffbe00;000000;0 25 100 0;000000;true;true;true;A01116;275;;;;2014-07-16;;active;100100275;false
C01267;292;292;bus;;;100;RATP;;;ea9999;000000;0 35 35 8;000000;unknown;true;true;A01127;292;;;;2014-07-16;;active;100100292;true
C01273;302;302;bus;;;100;RATP;;;ffbe00;000000;0 25 100 0;000000;true;true;true;A01133;302;;;;2014-07-16;;active;100100302;true
C01274;303;303;bus;;;100;RATP;;;6e6e00;ffffff;0 0 100 57;ffffff;true;true;true;A01134;303;;;;2014-07-16;;active;100100303;false
C01278;310;310;bus;;;100;RATP;;;d2d200;000000;0 0 100 18;000000;true;true;true;A01719;310;;;;2014-07-16;;active;100100310;true
C01279;312;312;bus;;;100;RATP;;;ff5a00;000000;0 65 100 0;000000;true;true;true;A01138;312;;;;2014-07-16;;active;100100312;false
C01286;322;322;bus;;;100;RATP;;;82c8e6;000000;43 13 0 10;000000;true;true;true;A01144;322;;;;2014-07-16;;active;100100322;false
C01299;351;351;bus;;;100;RATP;;;f1c232;000000;0 20 79 5;000000;true;true;true;A01156;351;;;;2014-07-16;;active;100100351;false
C01306;366;366;bus;;;100;RATP;;;0055c8;ffffff;100 57 0 22;ffffff;true;true;true;A01165;366 (Colomb'bus);;;;2014-07-16;;active;100100366;false
C01318;393;393;bus;highFrequencyBus;;100;RATP;;;82c8e6;000000;43 13 0 10;000000;true;true;true;A01178;393;;;;2014-07-16;;active;100100393;true
C01336;MONTBUS;MONTBUS;bus;;;1022;Transdev Vallée Sud;;Vallée Grand Sud Paris;82dc73;000000;0 0 0 33;000000;true;unknown;unknown;A01215;526 (Montbus);;;;2014-07-16;;active;100100526;false
C01352;TIM;TIM;bus;;;100;RATP;;;89c7d6;000000;36 7 0 16;000000;true;true;false;A01206;569 (TIM);;;;2014-07-16;;active;100100569;false
C01353;SUBB;SUBB;bus;;;100;RATP;;;8e6538;ffffff;0 28 60 45;ffffff;true;true;true;A01221;571 (SUBB);;;;2014-07-16;;active;100100571;false
C01366;AMIBUS;AMIBUS;bus;;;1022;Transdev Vallée Sud;;Vallée Grand Sud Paris;3c91dc;000000;100 54 0 0;000000;true;unknown;unknown;A01228;SRL de Châtillon;;;;2014-07-16;;active;100100592;false
C01370;L'Hirondelle;HIRO;bus;;;1022;Transdev Vallée Sud;;Vallée Grand Sud Paris;00643c;ffffff;100 0 37 61;ffffff;true;unknown;unknown;A01242;597 (L'hirondelle);;;;2014-07-16;;active;100100597;false
C01371;1;1;metro;;;100;RATP;;;ffbe00;000000;0 19 100 0;000000;false;unknown;unknown;A01534;1;;;https://data.iledefrance-mobilites.fr/api/explore/v2.1/catalog/datasets/referentiel-des-lignes/files/8e63c8180c0378991029ec5141e4c6a5;2014-07-16;;active;100110001;true
C01376;6;6;metro;;;100;RATP;;;6eca97;000000;45 0 25 21;000000;false;unknown;unknown;A01539;6;;;https://data.iledefrance-mobilites.fr/api/explore/v2.1/catalog/datasets/referentiel-des-lignes/files/11ba6d8a602ec0780fe8c01aa58b542d;2014-07-16;;active;100110006;false
C01381;11;11;metro;;;100;RATP;;;704b1c;ffffff;0 33 75 56;ffffff;false;unknown;unknown;A01544;11;;;https://data.iledefrance-mobilites.fr/api/explore/v2.1/catalog/datasets/referentiel-des-lignes/files/091275f9a999a893de5eb4703e1a74af;2014-07-16;;active;100110011;true
C01382;12;12;metro;;;100;RATP;;;007852;ffffff;100 0 33 53;ffffff;false;unknown;unknown;A01545;12;;;https://data.iledefrance-mobilites.fr/api/explore/v2.1/catalog/datasets/referentiel-des-lignes/files/68749e9f1ce05a0a4cae6610f95eecc0;2014-07-16;;active;100110012;false
C01383;13;13;metro;;;100;RATP;;;6ec4e8;000000;53 16 0 9;000000;false;unknown;unknown;A01546;13;;;https://data.iledefrance-mobilites.fr/api/explore/v2.1/catalog/datasets/referentiel-des-lignes/files/0b8a36241880cd49a78f24dbaca0433b;2014-07-16;;active;100110013;false
C01387;7B;7B;metro;;;100;RATP;;;6eca97;000000;45 0 25 21;000000;false;unknown;unknown;A01550;7 Bis;;;https://data.iledefrance-mobilites.fr/api/explore/v2.1/catalog/datasets/referentiel-des-lignes/files/e08d6e9d99727bb7d55ffc5c44801f72;2014-07-16;;active;100110107;false
C01404;N32;N32;bus;nightBus;;100;RATP;;;dc9600;000000;0 32 100 14;000000;unknown;true;true;A01255;N32;;;;2014-07-16;;active;100987763;false
C01415;N11;N11;bus;nightBus;;100;RATP;;;ff5a00;ffffff;0 65 100 0;ffffff;true;true;true;A01266;N11;;;;2014-07-16;;active;100987780;false
C01418;N14;N14;bus;nightBus;;100;RATP;;;82dc73;000000;41 0 48 14;000000;unknown;true;true;A01269;N14;;;;2014-07-16;;active;100987783;false
C01429;Filéo Othis (sur réservation);Filéo OTH;bus;demandAndResponseBus;;1028;Keolis Roissy Pays de France Ouest;;Roissy Ouest;b80b4b;ffffff;0 94 59 28;ffffff;unknown;false;false;A01552;Filéo villeparisis - othis;Réservation obligatoire;Réserver votre trajet par téléphone au 01.74.37.24.77 ou en ligne via notre site internet www.fileo.com ou téléchargez notre application Fileo.;;2014-07-16;;active;116277005;partial
C01435;3301;3301;bus;regionalBus;;1027;Francilité Pays de Montereau;;Pays de Montereau;b80c4b;ffffff;0 93 59 28;ffffff;unknown;true;true;A01289;MONTEREAU-FAUT-YONNE (Pajol)  - MONTEREAU-FAUT-YONNE (Gare SNCF);;;;2014-07-16;;active;208208001;unknown
C01437;3304;3304;bus;localBus;;1027;Francilité Pays de Montereau;;Pays de Montereau;f59eb3;000000;0 36 27 4;000000;unknown;true;true;A01291;MONTEREAU-FAUT-YONNE (Gare SNCF)  - ST-GERMAIN-LAVAL (Nanon);;;;2014-07-16;;active;208208004;unknown
C01438;3310;3310;bus;localBus;;1027;Francilité Pays de Montereau;;Pays de Montereau;006db8;ffffff;100 41 0 28;ffffff;false;true;true;A01292;LA BROSSE-MONTCEAUX (Hameau de Chevinois)  - MONTEREAU-FAUT-YONNE (Gare SNCF);;;;2014-07-16;;active;208208007;unknown
C01444;3438;3438;bus;localBus;;1026;Transdev Pays de Fontainebleau;;Fontainebleau - Moret;0055c8;ffffff;100 54 0 0;ffffff;false;true;true;A01298;FONTAINEBLEAU - MONTEREAU-FAUT-YONNE;;;;2014-07-16;;active;516516008;partial
C01445;3434;3434;bus;localBus;;1026;Transdev Pays de Fontainebleau;;Fontainebleau - Moret;ff82b4;000000;0 47 11 0;000000;false;true;true;A01299;Rue des trops chères Saint Mammès <=> Collège Sisley Moret Loing et Orvanne;;;;2014-07-16;;active;516516204;partial
C01455;3244;3244;bus;localBus;;1030;Francilité Grand Provinois;;Provinois - Brie et Seine;f49fb3;000000;0 47 11 0;000000;false;false;false;A01306;FONTAINE-FOURCHES (Place Mérot) - PROVINS (Gare Routière);;;;2014-07-16;;active;514514133;unknown
C01457;3242;3242;bus;localBus;;1030;Francilité Grand Provinois;;Provinois - Brie et Seine;f49fb3;000000;0 47 11 0;000000;false;false;false;A01306;FONTAINE-FOURCHES (Place Mérot) - PROVINS (Gare Routière);;;;2014-07-16;;active;514514131;unknown
C01472;Express 9518;EX 9518;bus;expressBus;;1039;Keolis Nord Val d’Oise;;Haut Val d'Oise;5191cd;ffffff;60 29 0 20;ffffff;true;unknown;unknown;A01312;CERGY (PREFECTURE RER)  - ROISSY-EN-FRANCE (ROISSYPOLE-GARE ROUTIERE);;;;2014-07-16;;active;212195018;partial
C01482;6227;6227;bus;;;1034;Transdev Versailles;;Grand Versailles;ff1400;ffffff;0 100 94 0;ffffff;false;true;true;A01324;Celle St Cloud (Gare) - Rueil Malmaison (Gare);;;;2014-07-16;;active;528528027;partial
C01484;6231;6231;bus;;;1034;Transdev Versailles;;Grand Versailles;82c8e6;000000;44 0 12 0;000000;false;true;true;A01324;Celle St Cloud (Gare) - Rueil Malmaison (Gare);;;;2014-07-16;;active;528528029;false
C01488;471;471;bus;;;100;RATP;;;0055c8;ffffff;100 57 0 22;ffffff;true;true;true;A01197;471;;;;2014-07-16;;active;100100471;false
C01497;4534;4534;bus;localBus;;1033;Transdev Cœur Essonne;;Cœur d’Essonne;dc9600;000000;13 30 90 0;000000;true;true;true;A01338;BRETIGNY-SUR-ORGE (Breche aux loups)  - BRETIGNY-SUR-ORGE (Bois de Vetille);;;;2014-07-16;;active;525525304;partial
C01498;4533;4533;bus;localBus;;1033;Transdev Cœur Essonne;;Cœur d’Essonne;82dc73;000000;54 0 54 0;000000;true;true;true;A01339;BRETIGNY-SUR-ORGE (Gare Place)  - LE PLESSIS-PATE (Mairie);;;;2014-07-16;;active;525525203;partial
C01509;3213;3213;bus;regionalBus;;1030;Francilité Grand Provinois;;Provinois - Brie et Seine;7ac597;000000;54 0 54 0;000000;unknown;false;partial;A01350;BRAY-SUR-SEINE - CHESSY (RER);;;;2014-07-16;;active;514514013;unknown
C01511;3315;3315;bus;localBus;;1027;Francilité Pays de Montereau;;Pays de Montereau;e0b03b;000000;0 21 74 12;000000;unknown;partial;partial;A01352;SALINS (LE ROTI)  - MONTEREAU-FAUT-YONNE (GARE SNCF);;;;2014-07-16;;active;228228015;unknown
C01535;5142;5142;bus;regionalBus;;1023;Francilité Saint-Quentin-en-Yvelines;;Saint-Quentin-en-Yvelines;6e6e00;ffffff;19 0 100 33;ffffff;true;true;true;A01374;MONTIGNY-LE-BRETONNEUX (SAINT QUENTIN GARE)  - MAGNY-LES-HAMEAUX (MERANTAIS);;;;2014-07-16;;active;529529461;partial
C01544;Magical Shuttle Selected;Selected;bus;airportLinkBus;;231;Magical Shuttle;;;1ac7ff;000000;90 22 0 0;000000;false;unknown;unknown;A01382;Desserte Disney : CHESSY (RER)  - TORCY - ORLY (AEROPORT);;;;2014-07-16;;active;231231001;partial
C01545;Magical Shuttle CDG;CDG;bus;expressBus;;231;Magical Shuttle;;;3bb2ff;000000;77 30 0 0;000000;false;unknown;unknown;A01382;Desserte Disney : CHESSY (RER)  - TORCY - ORLY (AEROPORT);;;;2014-07-16;;active;231231001;partial
C01549;702;702;bus;expressBus;;1024;Transdev Nord Seine-Saint-Denis;;Terres d'Envol;3bb2ff;000000;77 30 0 0;000000;false;false;false;A01386;FONTENAY-SOUS-BOIS (Val de Fontenay R.E.R.)  - AULNAY-SOUS-BOIS (R.E.R.);;;;2014-07-16;;active;507507702;partial
C01558;95-45;95-45;bus;localBus;SEASONAL_LINE_TYPE;1007;Transdev Vexin;;Vexin;d2d200;000000;0 0 100 18;000000;unknown;unknown;unknown;A01403;MAGNY-EN-VEXIN (GARE ROUTIERE)  - AVERNES (MAIRIE);;;;2014-07-16;;active;501501045;true
C01568;4457;4457;bus;;;1018;Francilité Ouest Essonne;;Essonne Sud Ouest;5291ce;ffffff;60 30 0 19;ffffff;unknown;unknown;true;A01414;ETAMPES (RER)  - LA FORET-LE-ROI - LES GRANGES-LE-ROI - DOURDAN (RER);;;;2014-07-16;;active;524524007;partial
C01571;5154;5154;bus;expressBus;;1036;Francilité Express Ouest;;Lignes Île-de-France Ouest;ffbe50;000000;0 19 88 13;000000;unknown;true;true;A01417;MONTIGNY-LE-BRETONNEUX (SAINT QUENTIN GARE)  - ORLY (ORLY OUEST);;;;2014-07-16;2030-12-31;active;291191010;unknown
C01574;602;602;bus;regionalBus;;293;TRA;;Seine-Saint-Denis;e2001a;ffffff;0 100 89 11;ffffff;false;true;true;A01420;LE RAINCY (Le Raincy Villemomble Montfermeil RER)  - COUBRON (Coubron Stade);;;;2014-09-16;;active;293193602;false
C01575;603;603;bus;localBus;;293;TRA;;Seine-Saint-Denis;8d5e24;ffffff;0 33 74 45;ffffff;false;true;true;A01421;LE RAINCY (Le Raincy Villemomble Montfermeil RER)  - COUBRON (Corot);;;;2014-07-16;;active;293193603;false
C01584;616;616;bus;regionalBus;;1024;Transdev Nord Seine-Saint-Denis;;Terres d'Envol;0064b0;ffffff;100 43 0 31;ffffff;false;true;true;A01430;AULNAY-SOUS-BOIS (Aulnay sous Bois R.E.R.)  - BONDY (Bondy RER);;;;2014-07-16;;active;507507616;partial
C01588;620;620;bus;localBus;;1024;Transdev Nord Seine-Saint-Denis;;Terres d'Envol;00814f;ffffff;100 0 39 49;ffffff;false;true;true;A01434;LE BLANC-MESNIL (Chemin Notre Dame)  - BOBIGNY (Pablo Picasso);;;;2014-07-16;;active;507507620;partial
C01591;637;637;bus;localBus;;1024;Transdev Nord Seine-Saint-Denis;;Terres d'Envol;f3a4ba;000000;0 32 23 5;000000;false;true;true;A01438;AULNAY-SOUS-BOIS (Gare R.E.R.)  - AULNAY-SOUS-BOIS (Gare R.E.R.);;;;2014-07-16;;active;507507637;partial
C01594;642;642;bus;localBus;;1024;Transdev Nord Seine-Saint-Denis;;Terres d'Envol;0064b0;ffffff;100 43 0 31;ffffff;false;unknown;unknown;A01441;GAGNY (Le Chénay Gagny RER)  - VILLEPINTE (Villepinte RER);;;;2014-07-16;;active;507507642;partial
C01595;644;644;bus;localBus;;293;TRA;;Seine-Saint-Denis;83c491;000000;33 0 26 23;000000;false;true;true;A01442;VAUJOURS (College Henri IV)  - LE RAINCY (Etablissement Scolaire A. Schweitzer);;;;2014-07-16;;active;293193644;false
C01601;D;D;bus;regionalBus;;1011;RD Mantois;;Mantois;8ad3de;000000;44 0 12 0;000000;unknown;partial;partial;A01453;Circulaire MANTES LA VILLE - BUCHELAY - MANTES LA JOLIE - MANTES LA VILLE;;;;2014-07-16;;active;000535204;unknown
C01617;4206;4206;bus;;;1038;TISSE;;Evry Centre Essonne;ff1400;ffffff;0 100 94 0;ffffff;true;unknown;unknown;A01467;EVRY-COURCOURONNES (gare Evry-Courcouronnes Centre) - LE COUDRAY-MONTCEAUX (Terminal David Douillet);;;https://data.iledefrance-mobilites.fr/api/explore/v2.1/catalog/datasets/referentiel-des-lignes/files/5f4a0abcce55d592583ffa593b8d76c8;2014-07-16;;active;400400402;partial
C01618;4212;4212;bus;;;1038;TISSE;;Evry Centre Essonne;ff5a00;000000;0 65 100 0;000000;true;unknown;unknown;A01468;EVRY-COURCOURONNES (Gare du Bras de Fer)- BRETIGNY-SUR-ORGE (Gare);;;https://data.iledefrance-mobilites.fr/api/explore/v2.1/catalog/datasets/referentiel-des-lignes/files/b250dab684a70f6a3e3ad8ea99bd1c84;2014-07-16;;active;400400403;partial
C01625;4246;4246;bus;;;1038;TISSE;;Evry Centre Essonne;a0981a;ffffff;0 5 84 37;ffffff;unknown;unknown;unknown;A01475;LE COUDRAY-MONTCEAUX (G. d'Estrées)  - LE COUDRAY-MONTCEAUX (Libellules);;;https://data.iledefrance-mobilites.fr/api/explore/v2.1/catalog/datasets/referentiel-des-lignes/files/d629242746593796fba5f2b3ea2af408;2014-07-16;;active;400400412;partial
C01638;N140;N140;bus;nightBus;;1028;Keolis Roissy Pays de France Ouest;;Roissy Ouest;5191cd;ffffff;60 29 0 20;ffffff;true;true;true;A01487;N140 - NOCTILIEN - Paris Gare de l'Est - Aeroport Ch. De Gaulle T3;;;;2014-07-16;;active;800987008;partial
C01647;N154;N154;bus;nightBus;;1007;Transdev Vexin;;Vexin;fedf53;000000;0 13 67 0;000000;true;unknown;unknown;A01497;N154 - NOCTILIEN - Paris Gare St-Lazare - Beauchamp;;;;2014-07-16;;active;800987017;false
C01657;418;418;bus;;SEASONAL_LINE_TYPE;1014;RD Bièvre;;Bièvre;0055c8;ffffff;100 54 0 0;ffffff;false;unknown;unknown;A02759;GROUPE SCOLAIRE SOPHIE BARAT - COLLEGE JEAN MOULIN;;;;2014-07-16;;active;537537418;unknown
C01675;EX 100;EX 100;bus;expressBus;;1039;Keolis Nord Val d’Oise;;Haut Val d'Oise;5191cd;ffffff;60 29 0 20;ffffff;false;true;true;A01755;PERSAN (GARE DE PERSAN)  - TREMBLAY-EN-FRANCE (ROISSYPOLE RER);;;;2014-07-16;;active;116195100;partial
C01676;5131;5131;bus;localBus;;1023;Francilité Saint-Quentin-en-Yvelines;;Saint-Quentin-en-Yvelines;d282be;000000;21 38 0 0;000000;true;true;true;A02292;TRAPPES Circulaire ZATE - Elancourt - Trappes;;;;2014-07-16;;active;529529431;partial
C01677;5130;5130;bus;localBus;;1023;Francilité Saint-Quentin-en-Yvelines;;Saint-Quentin-en-Yvelines;ff82b4;000000;0 47 11 0;000000;true;true;true;A02291;Trappes (gare-ZA Trappes Elancourt-gare);;;;2014-07-16;;active;529529430;partial
C01679;T3b;T3b;tram;;;100;RATP;;;00ae41;ffffff;100 0 63 32;ffffff;true;unknown;unknown;A01757;T3b;;;https://data.iledefrance-mobilites.fr/api/explore/v2.1/catalog/datasets/referentiel-des-lignes/files/919aee035abf4591de29f13988d63bc9;2014-07-16;;active;100112003;true
C01703;4571;4571;bus;localBus;;1033;Transdev Cœur Essonne;;Cœur d’Essonne;ff1400;ffffff;0 100 94 0;ffffff;unknown;true;true;A00079;STE-GENEVIEVE-DES-BOIS (GARE RER)  - STE-GENEVIEVE-DES-BOIS (L SAMPAIX);;;;2014-07-16;;active;525525091;true
C01707;4575;4575;bus;localBus;;1033;Transdev Cœur Essonne;;Cœur d’Essonne;00a092;ffffff;82 0 54 0;ffffff;unknown;true;true;A00079;STE-GENEVIEVE-DES-BOIS (GARE RER)  - STE-GENEVIEVE-DES-BOIS (L SAMPAIX);;;;2014-07-16;;active;525525095;true
C01708;4436;4436;bus;;;1018;Francilité Ouest Essonne;;Essonne Sud Ouest;f78f4b;000000;0 42 70 3;000000;false;unknown;unknown;A01767;LARDY - LA NORVILLE;;;;2014-07-16;;active;524524112;partial
C01718;5253;5253;bus;;;1037;Transdev Sud Yvelines;;Centre et Sud Yvelines;006db8;ffffff;14 0 1 31;000000;false;false;false;A02833;ST-ARNOULT-EN-YVELINES - LIMOURS - ORSAY;;;;2014-07-16;;active;530530109;false
C01719;5267;5267;bus;;;1037;Transdev Sud Yvelines;;Centre et Sud Yvelines;9b993b;ffffff;14 0 1 31;000000;false;false;false;A02877;ST-ARNOULT-EN-YVELINES - LIMOURS - ORSAY;;;;2014-07-16;;active;530530111;false
C01720;5277;5277;bus;;;1037;Transdev Sud Yvelines;;Centre et Sud Yvelines;cec92b;000000;14 0 1 31;000000;false;false;false;A02878;ST-ARNOULT-EN-YVELINES - LIMOURS - ORSAY;;;;2014-07-16;;active;530530116;false
C01725;3217;3217;bus;localBus;;1030;Francilité Grand Provinois;;Provinois - Brie et Seine;8ad3de;000000;44 0 12 0;000000;unknown;false;partial;A01793;Mons en Montois (Le Ville) - Provins (Ville Haute);;;;2014-07-16;;active;514514017;unknown
C01728;D;D;rail;local;;800;SNCF;;RER;008b5b;ffffff;100 0 83 24;ffffff;false;unknown;unknown;A01842;RER D;;;https://data.iledefrance-mobilites.fr/api/explore/v2.1/catalog/datasets/referentiel-des-lignes/files/b843a92141919dab06ea02ceddfbc9c3;2014-07-16;;active;800804081;unknown
C01730;P;P;rail;suburbanRailway;;800;SNCF;;Transilien;f58f53;000000;0 53 78 0;000000;false;unknown;unknown;A01844;Transilien P;;;https://data.iledefrance-mobilites.fr/api/explore/v2.1/catalog/datasets/referentiel-des-lignes/files/144bda900e4a01a6d3eb26d8e2d9803d;2014-07-16;;active;800850011;unknown
C01731;R;R;rail;suburbanRailway;;800;SNCF;;Transilien;f49fb3;000000;0 47 11 0;000000;false;unknown;unknown;A01845;Transilien R;;;https://data.iledefrance-mobilites.fr/api/explore/v2.1/catalog/datasets/referentiel-des-lignes/files/04ca3195d7cae3272e376492c8152900;2014-07-16;;active;800851081;unknown
C01755;D;D;bus;regionalBus;;1012;Keolis Argenteuil Boucles de Seine;;Argenteuil - Boucles de Seine;640082;ffffff;75 100 0 0;ffffff;true;unknown;unknown;A00304;CENTRE COMMERCIAL PARLY 2  - CHATOU (Gare RER);;;;2014-07-16;;active;000533117;partial
C01756;337;337;bus;;;100;RATP;;;640082;ffffff;23 100 0 49;ffffff;unknown;true;true;A01839;337;;;;2014-07-16;;active;100100337;false
C01757;La Traverse Brancion-Commerce;Traverse;bus;;;334;Autocars Dominique;;;cbe859;ffffff;13 0 62 9;ffffff;true;unknown;unknown;A01771;Traverse Brancion - Commerce;;;;2014-07-16;;active;333575515;unknown
C01774;T7;T7;tram;;;100;RATP;;;704b1c;ffffff;0 33 75 56;ffffff;true;unknown;unknown;A02134;T7;;;https://data.iledefrance-mobilites.fr/api/explore/v2.1/catalog/datasets/referentiel-des-lignes/files/5568fae6d1eb504a556118a6e8bd681a;2014-07-24;;active;100112017;true
C01775;S6;S6;bus;localBus;;1012;Keolis Argenteuil Boucles de Seine;;Argenteuil - Boucles de Seine;a38c57;ffffff;0 14 47 36;ffffff;false;unknown;unknown;A00285;BEZONS (Plateau)  - HOUILLES (Gare);;;;2014-09-19;;active;000533025;partial
C01776;2129;2129;bus;regionalBus;;1029;Keolis Roissy Pays de France Est;;Roissy Est;b90845;ffffff;0 96 63 27;ffffff;false;true;true;A02137;Meaux (Gare de Meaux) - Mitry (Gare de Mitry);;;;2014-09-19;;active;054054009;partial
C01780;La Navette de Thiais;THIAIS;bus;;;1044;Paris Seine Mobilités;;;3c91dc;ffffff;73 34 0 14;ffffff;true;false;true;A02140;587 (NAVETTE THIAIS);;;;2014-09-19;;active;100100587;false
C01785;95-06;95-06;bus;localBus;;1007;Transdev Vexin;;Vexin;b36b24;ffffff;0 40 80 30;ffffff;unknown;unknown;unknown;A02141;ARRONVILLE - CERGY;;;;2014-09-22;;active;501501006;true
C01790;95-34;95-34;bus;localBus;;1007;Transdev Vexin;;Vexin;00e84f;000000;100 0 66 9;000000;unknown;unknown;unknown;A02146;Marines (Ces Hautiers) - Ableiges;;;;2014-09-22;;active;501501034;true
C01793;5198;5198;bus;localBus;;1023;Francilité Saint-Quentin-en-Yvelines;;Saint-Quentin-en-Yvelines;82dc73;000000;54 0 54 0;000000;true;true;true;A02691;Montigny Saint-Quentin Gare / Montigny Saint-Quentin Gare via Univrsité Vauban / D'Alembert;;;;2014-11-25;;active;529529469;true
C01797;2A;2A;bus;localBus;;1011;RD Mantois;;Mantois;5091cb;ffffff;69 34 0 0;ffffff;unknown;true;true;A00626;2A BONNIERES SUR SEINE Centre Social - MANTES LA JOLIE Gare ou 2B FRENEUSE Ventines - MANTES LA JOLIE Gare ou 2C FRENEUSE Ventines - ROSNY SUR SEINE Collège Sully;;;;2014-11-25;;active;000535002;unknown
C01816;R114;R114;bus;;SEASONAL_LINE_TYPE;1028;Keolis Roissy Pays de France Ouest;;Roissy Ouest;fece00;000000;0 19 100 0;000000;false;true;true;A02490;Treize Saules-SAINT-WITZ - Collège Anne-Marie Javouhey-SENLIS;;;;2015-02-27;;active;014014114;partial
C01822;17;17;bus;regionalBus;;1012;Keolis Argenteuil Boucles de Seine;;Argenteuil - Boucles de Seine;ffbe00;000000;0 19 100 0;000000;true;unknown;unknown;A02157;ARGENTEUIL (Gare du Val d'Argenteuil) - ARGENTEUIL (Parc d'activités du Val d'Argent);;;;2015-04-24;;active;000533017;partial
C01830;A;A;bus;localBus;;334;Autocars Dominique;;Paris-Saclay Mobilités;ee7d00;ffffff;0 47 100 7;ffffff;false;unknown;unknown;A01781;ABCDE;;;;2015-06-03;;active;111591201;unknown
C01831;B;B;bus;localBus;;334;Autocars Dominique;;Paris-Saclay Mobilités;e50051;ffffff;0 100 65 10;ffffff;false;unknown;unknown;A01781;ABCDE;;;;2015-06-03;;active;111591202;unknown
C01832;C;C;bus;localBus;;334;Autocars Dominique;;Paris-Saclay Mobilités;951b81;ffffff;0 82 13 42;ffffff;false;unknown;unknown;A01781;ABCDE;;;;2015-06-03;;active;111591203;unknown
C01840;U;U;bus;;REPLACEMENT_LINE_TYPE;800;SNCF;;Transilien;b6134c;ffffff;5 100 48 22;ffffff;false;unknown;unknown;A01855;Transilien U;;;https://data.iledefrance-mobilites.fr/api/explore/v2.1/catalog/datasets/referentiel-des-lignes/files/04762929c9df4a9232485fc301b1fc40;2015-06-05;;active;800855548;unknown
C01842;H;H;bus;;REPLACEMENT_LINE_TYPE;800;SNCF;;Transilien;8d653d;ffffff;54 68 100 0;ffffff;false;unknown;unknown;A01849;Transilien H;;;https://data.iledefrance-mobilites.fr/api/explore/v2.1/catalog/datasets/referentiel-des-lignes/files/b874ac42d638fc887ea98f56789a036d;2015-06-05;;active;800853521;unknown
C01847;L;L;bus;;REPLACEMENT_LINE_TYPE;800;SNCF;;Transilien;c4a4cc;000000;21 38 0 0;000000;false;unknown;unknown;A02176;Transilien L;;;https://data.iledefrance-mobilites.fr/api/explore/v2.1/catalog/datasets/referentiel-des-lignes/files/ae6ca077709c1256ae09d9954aa8ece8;2015-06-05;;active;800854542;unknown
C01848;R;R;bus;;REPLACEMENT_LINE_TYPE;800;SNCF;;Transilien;f49fb3;000000;0 47 11 0;000000;false;unknown;unknown;A01845;Transilien R;;;https://data.iledefrance-mobilites.fr/api/explore/v2.1/catalog/datasets/referentiel-des-lignes/files/04ca3195d7cae3272e376492c8152900;2015-06-05;;active;800851581;unknown
C01850;B;B;bus;;REPLACEMENT_LINE_TYPE;800;SNCF;100;RER;5091cb;ffffff;69 34 0 0;ffffff;false;unknown;unknown;A01857;RER B;;;;2015-06-05;;active;810802561;unknown
C01851;C;C;bus;;REPLACEMENT_LINE_TYPE;800;SNCF;;RER;ffcc30;000000;0 19 100 0;000000;false;unknown;unknown;A01840;RER C;;;;2015-06-05;;active;800803571;unknown
C01852;D;D;bus;;REPLACEMENT_LINE_TYPE;800;SNCF;;RER;008b5b;ffffff;100 24 87 0;ffffff;false;unknown;unknown;A01842;RER D;;;https://data.iledefrance-mobilites.fr/api/explore/v2.1/catalog/datasets/referentiel-des-lignes/files/b843a92141919dab06ea02ceddfbc9c3;2015-06-05;;active;800804581;unknown
C01856;TER Centre - Val de Loire Bus;TER;bus;;REPLACEMENT_LINE_TYPE;800;SNCF;;TER;aaaaaa;000000;0 0 0 33;000000;false;unknown;unknown;A02172;TER Centre - Val de Loire (Ligne N);;;;2015-06-05;;active;800872503;unknown
C01858;TER Centre - Val-de-Loire Bus;TER;bus;;REPLACEMENT_LINE_TYPE;800;SNCF;;TER;aaaaaa;000000;0 0 0 33;000000;false;unknown;unknown;A02179;TER Centre - Val-de-Loire (Ligne C);;;;2015-06-05;;active;800872504;unknown
C01859;TER Normandie Bus;TER;bus;;REPLACEMENT_LINE_TYPE;800;SNCF;;;aaaaaa;000000;0 0 0 33;000000;false;unknown;unknown;A02174;TER Normandie (Ligne J);;;;2015-06-05;;active;800874507;unknown
C01867;20;20;bus;;;1028;Keolis Roissy Pays de France Ouest;;Roissy Ouest;f28e42;000000;0 41 73 5;000000;true;true;true;A02161;VILLIERS-LE-BEL (Gare RER) - VILLEPINTE (Parc des Expositions RER);;;;2015-07-28;;active;506506020;partial
C01870;5115;5115;bus;;;1023;Francilité Saint-Quentin-en-Yvelines;;Saint-Quentin-en-Yvelines;00643c;ffffff;100 0 83 24;ffffff;false;unknown;unknown;A02160;VILLEPREUX - CHAVENAY;;;;2015-08-18;;active;529529045;partial
C01896;TàD Bassée;TàD;bus;demandAndResponseBus;;1030;Francilité Grand Provinois;;Provinois - Brie et Seine;fecb00;000000;0 20 100 0;000000;false;false;false;A01813;TAD Proxibus Bassée;Réservation obligatoire;Réservation obligatoire;;2015-12-03;;active;514199605;unknown
C01900;Le P'tit Bus du Pré;P'TIT BUS;bus;;;100;RATP;1035;;d20d44;ffffff;0 94 67 18;ffffff;true;true;true;A01211;P'tit Bus du Pré;;;;2015-12-04;;active;100100573;unknown
C01947;3408;3408;bus;localBus;;1026;Transdev Pays de Fontainebleau;;Fontainebleau - Moret;0055c8;ffffff;100 54 0 0;ffffff;false;true;true;A02221;AVON (GARE SNCF) - FONTAINEBLEAU (HOPITAL);;;;2016-06-07;;active;516516067;partial
C01952;5349;5349;bus;localBus;;1037;Transdev Sud Yvelines;;Centre et Sud Yvelines;f78f4b;000000;0 36 72 0;ffffff;false;true;true;A02188;AUFFARGIS - LA-QUEUE-LEZ-YVELINES;;;;2016-08-29;;active;530530039;false
C01958;3531;3531;bus;;;1031;Transdev Vallée du Loing;;Vallée du Loing - Nemours;ff82b4;000000;0 47 11 0;000000;false;true;true;A02906;NEMOURS - FONTAINEBLEAU;;;;2016-09-12;;active;517517107;partial
C01962;3541;3541;bus;;;1031;Transdev Vallée du Loing;;Vallée du Loing - Nemours;6e491e;ffffff;0 30 100 54;ffffff;false;true;true;A02910;VOULX - NEMOURS;;;;2016-09-12;;active;517517109;partial
C01963;3506;3506;bus;;;1031;Transdev Vallée du Loing;;Vallée du Loing - Nemours;6e491e;ffffff;0 30 100 54;ffffff;false;true;true;A02911;VOULX - NEMOURS;;;;2016-09-12;;active;517517209;true
C01967;3513;3513;bus;;;1031;Transdev Vallée du Loing;;Vallée du Loing - Nemours;640082;ffffff;75 100 0 0;ffffff;false;true;true;A02915;BRANSLES - SAINT PIERRE LES NEMOURS;;;;2016-09-12;;active;517517311;partial
C01975;4430;4430;bus;;;1018;Francilité Ouest Essonne;;Essonne Sud Ouest;98d4e2;000000;33 6 0 11;000000;false;unknown;unknown;A02444;Lardy - Collège Tillon -Janville-sur-Juine - Gillevoisin;;;;2016-09-12;;active;524524320;partial
C01981;5342;5342;bus;localBus;;1037;Transdev Sud Yvelines;;Centre et Sud Yvelines;c5a3cd;000000;30 45 0 0;ffffff;false;true;true;A02198;BOISSY-SANS-AVOIR Mairie <> MONTFORT-L'AMAURY;;;;2016-08-29;;active;530530022;false
C01995;4A;4A;bus;localBus;;1019;Transdev Marne-et-Ourcq;;Meaux et Ourcq;bc85bb;000000;0 30 1 26;000000;false;unknown;unknown;A02648;Esbly - Gare d'Esbly <> Nanteuil-lés-Meaux - Collège de la Dhuis;;;;2016-09-28;;active;511511204;partial
C02008;353;353;bus;;;100;RATP;;;d2d200;000000;0 0 100 18;000000;true;true;true;A02233;SAINT-DENIS (Université) - SAINT-DENIS (ZAc du Landy Nord);;;;2017-06-01;;active;100100353;false
C02016;2231;2231;bus;;;1002;Transdev Marne-la-Vallée;;Marne-la-Vallée;006400;ffffff;100 0 83 24;ffffff;false;true;true;A02253;CHESSY RER - SERRIS VILLAGES NATURE;;;;2017-07-12;;active;510510047;partial
C02021;4308;4308;bus;regionalBus;;1016;Keolis Val d'Essonne Deux Vallées;;Essonne Sud Est;3c91dc;ffffff;69 34 0 0;ffffff;true;unknown;unknown;A02239;Ormoy Echarcon - Champcueil Auvernaux;;;;2017-09-06;;active;531531208;partial
C02056;3245;3245;bus;localBus;;1030;Francilité Grand Provinois;;Provinois - Brie et Seine;f49fb3;000000;0 47 11 0;000000;false;false;false;A01306;FONTAINE-FOURCHES (Place Mérot) - PROVINS (Gare Routière);;;;2017-11-28;;active;210210108;unknown
C02060;Filéo Roissy Sud - Villeparisis et Mitry (sur réservation);Filéo RS;bus;demandAndResponseBus;;1028;Keolis Roissy Pays de France Ouest;;Roissy Ouest;4890cd;ffffff;65 30 0 20;ffffff;unknown;false;false;A01552;Filéo villeparisis - othis;Réservation obligatoire;Réserver votre trajet par téléphone au 01.74.37.24.77 ou en ligne via notre site internet www.fileo.com ou téléchargez notre application Fileo.;;2017-12-19;;active;116277010;partial
C02065;4581;4581;bus;localBus;;1033;Transdev Cœur Essonne;;Cœur d’Essonne;82c8e6;000000;44 0 12 0;000000;unknown;true;true;A00827;BREUILLET (Gare de Breuilet)  - ARPAJON (Lycée Cassin);;;;2018-01-15;;active;525525098;partial
C02068;4418;4418;bus;;;1018;Francilité Ouest Essonne;;Essonne Sud Ouest;e0b03b;000000;0 21 74 12;000000;false;unknown;unknown;A02440;Estouches - Étampes - HLM Bas;;;;2018-01-16;;active;524524318;partial
C02072;12A;12A;bus;localBus;;1020;Transdev Brie et 2 Morin;;Brie et 2 Morin;8eb4e3;ffffff;37 21 0 11;ffffff;false;false;false;A00894;MOUROUX (PLACE DE LA MAIRIE)  - COULOMMIERS (CITE SCOLAIRE);;;;2018-01-18;;active;512512112;true
C02073;12B;12B;bus;localBus;;1020;Transdev Brie et 2 Morin;;Brie et 2 Morin;3d85c6;ffffff;69 33 0 22;ffffff;false;false;false;A02629;MOUROUX (PLACE DE LA MAIRIE) - COULOMMIERS (CITE SCOLAIRE);;;;2018-01-18;;active;512512212;true
C02076;6276;6276;bus;;;1034;Transdev Versailles;;Grand Versailles;deb41b;000000;0 19 88 13;000000;false;true;true;A02283;NOISY-LE-ROI - VAUCRESSON;;;;2018-01-23;;active;528528760;partial
C02098;02F;02F;bus;localBus;;1020;Transdev Brie et 2 Morin;;Brie et 2 Morin;e46c0a;000000;0 52 96 11;000000;false;false;false;A02624;VILLENEUVE-LE-COMTE (MAIRIE) - COULOMMIERS (CITE SCOLAIRE);;;;2018-02-22;;active;512512502;true
C02103;4155;4155;bus;localBus;;1015;Keolis Val d'Yerres Val de Seine;;Val d'Yerres Val de Seine;82dc73;000000;54 0 54 0;000000;false;unknown;unknown;A00497;YERRES (LETHUMIERE)  - BRUNOY (L.TALMA);;;https://data.iledefrance-mobilites.fr/api/explore/v2.1/catalog/datasets/referentiel-des-lignes/files/550fd025e404993193beb81a884e6b9a;2018-02-22;;active;520520022;partial
C02109;3143;3143;bus;localBus;;1025;Keolis Portes et Val de Brie;;Pays Briard;f78f4b;000000;0 42 70 3;000000;false;true;true;A00909;MELUN (place de l'ermitage/gare sncf)  - OZOUER-LE-VOULGIS (les Etards);;;https://data.iledefrance-mobilites.fr/api/explore/v2.1/catalog/datasets/referentiel-des-lignes/files/9b38e02f71125e9655504faf8bea3e0f;2018-03-08;;active;513513037;partial
C02116;09A;09A;bus;localBus;;1020;Transdev Brie et 2 Morin;;Brie et 2 Morin;996633;ffffff;0 33 67 40;ffffff;false;false;false;A00892;REBAIS (COLLEGE JACQUES PREVERT)  - COULOMMIERS (CITE SCOLAIRE);;;;2018-03-27;;active;512512009;true
C02118;09C;09C;bus;localBus;;1020;Transdev Brie et 2 Morin;;Brie et 2 Morin;783f04;ffffff;0 48 97 53;ffffff;false;false;false;A02628;REBAIS (COLLEGE JACQUES PREVERT) - COULOMMIERS (CITE SCOLAIRE);;;;2018-03-27;;active;512512209;true
C02122;3127;3127;bus;localBus;;1025;Keolis Portes et Val de Brie;;Pays Briard;f59eb3;000000;0 36 27 4;000000;false;true;true;A00903;TOURNAN-EN-BRIE (GARE SNCF)  - MELUN (PLACE DE L'ERMITAGE);;;https://data.iledefrance-mobilites.fr/api/explore/v2.1/catalog/datasets/referentiel-des-lignes/files/4979a4bf65fdd22b9e2920cc42823ca4;2018-03-27;;active;513513030;partial
C02127;3136;3136;bus;localBus;;1025;Keolis Portes et Val de Brie;1035;Pays Briard;78c696;ffffff;39 0 24 22;ffffff;false;true;true;A00908;GUIGNES (EGLISE)  - MORMANT (COLLEGE NICOLAS FOUQUET);;;https://data.iledefrance-mobilites.fr/api/explore/v2.1/catalog/datasets/referentiel-des-lignes/files/0c99106737e7c89bdb2cf48508a00d61;2018-04-13;;active;513513035;partial
C02128;3138;3138;bus;localBus;;1025;Keolis Portes et Val de Brie;;Pays Briard;cec92b;000000;0 2 79 19;000000;false;true;true;A00908;GUIGNES (EGLISE)  - MORMANT (COLLEGE NICOLAS FOUQUET);;;https://data.iledefrance-mobilites.fr/api/explore/v2.1/catalog/datasets/referentiel-des-lignes/files/e701e2cf1a0ebbff87ecc055ea03bd30;2018-04-13;;active;513513035;partial
C02135;7s;7s;bus;;;101;STBC;;Apolo 7;97bf35;000000;21 0 72 25;000000;false;unknown;unknown;A01275;CHELLES (Gare SNCF/RER)  - CHELLES (Gare SNCF/RER);;;;2018-04-26;;active;101261121;false
C02139;8s;8s;bus;;;101;STBC;;Apolo 7;8c5e23;ffffff;0 33 75 45;ffffff;false;unknown;unknown;A01514;OD: Vaires sur Marne (Gare de Vaires Torcy) - Chelles (Gare de Chelles Gournay);;;;2018-04-26;;active;101261128;false
C02154;41B;41B;bus;localBus;;1020;Transdev Brie et 2 Morin;;Brie et 2 Morin;ea9999;000000;0 35 35 8;000000;false;false;false;A02635;LA FERTE-SOUS-JOUARRE (gare SNCF) - COULOMMIERS (GARE SNCF);;;;2018-06-13;;active;512512141;true
C02155;15;15;bus;;;1013;RD Saclay;;Paris Saclay;253b82;ffffff;72 55 0 49;ffffff;false;unknown;unknown;A00072;Massy (Gare de Massy Palaiseau) - Vélizy (Gare Routière);;;;2018-06-26;;active;526526015;unknown
C02156;3429;3429;bus;localBus;;1026;Transdev Pays de Fontainebleau;;Fontainebleau - Moret;6e491e;ffffff;0 30 100 54;ffffff;false;true;true;A00689;ARBONNE-LA-FORET (CORNEBICHE)  - MELUN (GARE);;;;2018-07-12;;active;516516109;partial
C02168;1354;1354;bus;;;1039;Keolis Nord Val d’Oise;;Haut Val d'Oise;ceacd2;000000;2 18 0 18;000000;false;true;true;A02249;Asnières sur Oise (Baillon) - Viarmes (Collège Blaise Pascal);;;;2018-07-13;;active;014014141;partial
C02172;5184;5184;bus;;;1023;Francilité Saint-Quentin-en-Yvelines;;Saint-Quentin-en-Yvelines;00a092;ffffff;82 0 54 0;ffffff;false;unknown;unknown;A02682;ETS SCOL Plaisir – CLG Apollinaire/LYCEE Jean Vilar;;;;2018-07-13;;active;529529114;true
C02174;5186;5186;bus;;;1023;Francilité Saint-Quentin-en-Yvelines;;Saint-Quentin-en-Yvelines;dc9600;000000;0 19 88 13;000000;false;unknown;unknown;A02684;PLAISIR – PLAISIR Lycée Jean Vilar;;;;2018-07-13;;active;529529116;partial
C02183;6253;6253;bus;localBus;SEASONAL_LINE_TYPE;1034;Transdev Versailles;;Grand Versailles;8fffe0;000000;44 0 12 0;000000;unknown;true;true;A00860;Gare de Saint-Cyr-l'Ecole via Jean Macé - Gare de Saint-Cyr-l'Ecole;;;;2018-08-01;;active;528528103;false
C02185;4462;4462;bus;;;1018;Francilité Ouest Essonne;;Essonne Sud Ouest;00b397;ffffff;100 0 16 30;ffffff;false;unknown;unknown;A02434;Angervilliers - Centre - Dourdan - La Forêt;;;;2018-08-22;;active;524524062;partial
C02195;29B;29B;bus;localBus;;1020;Transdev Brie et 2 Morin;;Brie et 2 Morin;cccc00;ffffff;0 0 100 20;ffffff;false;false;false;A02631;COULOMMIERS (GAMBETTA) - LA FERTE-GAUCHER (COLLEGE JEAN CAMPIN);;;;2018-08-22;;active;512512129;true
C02218;5125;5125;bus;localBus;;1023;Francilité Saint-Quentin-en-Yvelines;;Saint-Quentin-en-Yvelines;82c8e6;000000;44 0 12 0;000000;true;true;true;A01365;Elancourt France Miniature / La Verrière Gare;;;;2018-11-23;;active;529529411;true
C02220;Soirée Mennecy;Soir;bus;demandAndResponseBus;;1016;Keolis Val d'Essonne Deux Vallées;;Essonne Sud Est;640082;ffffff;75 100 0 0;ffffff;unknown;unknown;unknown;A02456;Bus de soiree - Gare de Mennecy;Bus Soirée;"Pas besoin de réserver !
1- A la gare à l’horaire prévu, je monte dans le bus.
2- Je valide mon titre de transport.
3- J’indique au conducteur mon arrêt de descente.
4- Le conducteur adapte son itinéraire en fonction des demandes.";;2018-11-27;;active;531531700;partial
C02244;45;45;bus;;;100;RATP;;;ff82b4;000000;0 49 29 0;000000;true;true;true;A02314;AUBERVILLIERS (France Asie) - PARIS (Concorde);;;;2019-03-01;;active;100100045;true
C02249;Express A14 Mantes;EXP A14 M;bus;;;1011;RD Mantois;;Mantois;8ad3de;000000;44 0 12 0;000000;unknown;partial;partial;A01396;A14 MANTES LA JOLIE Hôpital ou BONNIERES SUR SEINE La Vallée Française - LA DEFENSE Terminal Jules Verne;;;;2019-03-06;;active;000535201;unknown
C02254;40;40;bus;;;100;RATP;;;82c8e6;000000;43 13 0 10;000000;unknown;true;true;A00923;Montmartrobus (40);;;;2019-04-20;;active;100100040;partial
C02257;95-29;95-29;bus;;;1041;Francilité Val Parisis;;Val Parisis;f39000;ffffff;0 51 100 0;ffffff;unknown;true;true;A02319;GARE MONTIGNY BEAUCHAMP - GARE ERMONT EAUBONNE;;;;2019-05-06;;active;030195029;unknown
C02258;3440;3440;bus;;;1026;Transdev Pays de Fontainebleau;;Fontainebleau - Moret;a50034;ffffff;0 100 46 26;ffffff;unknown;true;true;A02295;Bois le Roi - Bois le Roi;;;;2019-06-06;;active;516516040;partial
C02264;20;20;bus;localBus;;1012;Keolis Argenteuil Boucles de Seine;;Argenteuil - Boucles de Seine;8cad08;ffffff;19 0 95 32;ffffff;false;true;true;A02332;VESINET LE PECQ - VESINET CENTRE;;;;2019-07-26;;active;000533120;partial
C02270;4434;4434;bus;;;1018;Francilité Ouest Essonne;;Essonne Sud Ouest;ceadd2;000000;2 18 0 18;000000;unknown;unknown;unknown;A02448;Auvers-Saint-Georges - Moulin -Gare de La Ferté Alais;;;;2019-08-22;;active;524524324;partial
C02274;3663;3663;bus;;;1009;Transdev Melun;;Grand Melun;82c8e6;000000;44 0 12 0;000000;unknown;unknown;unknown;A02517;Hotel de Ville Florélites Saint Fargeau Ponthierry - Collège F.Villon - Saint Fargeau Ponthierry;;;;2019-08-26;;active;518518071;partial
C02281;3632;3632;bus;;;1009;Transdev Melun;;Grand Melun;ff82b4;000000;0 47 11 0;000000;unknown;true;true;A02335;PONTHIERRY (MOULIGNON) - CESSON GARE;;;;2019-08-26;;active;518518013;partial
C02283;3657;3657;bus;;;1009;Transdev Melun;;Grand Melun;a0006e;ffffff;26 85 0 0;ffffff;unknown;true;true;A02514;GARE DU MEE - PLACE DU 14 JUILLET - VAUX - LE - PENIL;;;;2019-08-27;;active;518518041;partial
C02288;193;193;bus;;;100;RATP;;;996633;ffffff;0 34 69 45;ffffff;unknown;true;true;A01236;542 (Valouette V1);;;;2019-09-01;;active;100100193;true
C02300;469;469;bus;;;111;Mobicité;;;f9bd1b;000000;0 24 89 2;000000;unknown;unknown;unknown;A01327;469;;;;2019-10-17;;active;111592409;unknown
C02313;5310;5310;bus;;;1037;Transdev Sud Yvelines;;Centre et Sud Yvelines;87d3df;000000;15 7 0 5;ffffff;false;false;false;A02361;CHAVENAY CHAMP DU CAILLOU - GARE DE ST-NOM-LA-BRETECHE FORET DE MARLY;;;;2020-02-21;;active;530530140;false
C02317;T9;T9;tram;;;1004;Keolis Ouest Val-de-Marne;;;3c91dc;ffffff;69 34 0 0;ffffff;true;true;true;A02371;T9 - Paris Porte de Choisy - Orly Gaston Viens;;;https://data.iledefrance-mobilites.fr/api/explore/v2.1/catalog/datasets/referentiel-des-lignes/files/ff7ac6917c6c0ef54bec9d3628571089;2020-12-21;;active;522522009;true
C02344;T13;T13;tram;;;800;SNCF;;Transilien;8d653d;000000;0 30 100 54;000000;true;true;true;A02373;T13;;;https://data.iledefrance-mobilites.fr/api/explore/v2.1/catalog/datasets/referentiel-des-lignes/files/07d202b2a699910502ae61197977502d;2021-12-01;;active;800854043;unknown
C02364;Corbeil - Melun;BUS SNCF;bus;;;800;SNCF;;Transilien;aaaaaa;000000;0 0 0 33;000000;unknown;unknown;unknown;A01734;Corbeil - Melun;;;;2020-06-30;;active;800851831;unknown
C02365;Coulommiers - La Ferté Gaucher Centre;P;bus;;;1020;Transdev Brie et 2 Morin;;Brie et 2 Morin;ffcc30;000000;0 19 100 0;000000;unknown;unknown;unknown;A01730;Coulommiers - La Ferté Gaucher Centre;;;;2020-06-30;;active;800850821;true
C02368;TER Centre - Val de Loire;TER;rail;regionalRail;;800;SNCF;;TER;aaaaaa;000000;0 0 0 33;000000;unknown;unknown;unknown;A02391;TER Centre - Val de Loire (Ligne R);;;;2020-06-30;;active;800872005;unknown
C02375;TER Normandie;TER;rail;regionalRail;;800;SNCF;;TER;aaaaaa;000000;0 0 0 33;000000;unknown;unknown;unknown;A02174;TER Normandie (Ligne J);;;;2020-07-02;;active;800874006;unknown
C02376;TER Normandie Bus;TER;bus;;REPLACEMENT_LINE_TYPE;800;SNCF;;;aaaaaa;000000;0 0 0 33;000000;unknown;unknown;unknown;A02174;TER Normandie (Ligne J);;;;2020-07-02;;active;800874506;unknown
C02387;4332;4332;bus;localBus;;1016;Keolis Val d'Essonne Deux Vallées;;Essonne Sud Est;ff5a00;000000;0 53 78 0;000000;unknown;unknown;unknown;A02394;ORMOY (RUE DE LA FERTE) - CHAMPCEUIL (COLLEGE OLYMPE DE GOUGES);;;;2020-08-31;;active;531531232;partial
C02389;30-21 Est;30-21Est;bus;localBus;;1041;Francilité Val Parisis;;Val Parisis;f0824f;ffffff;0 59 71 0;ffffff;true;true;true;A00392;CORMEILLES-EN-PARISIS (gare)  - CORMEILLES-EN-PARISIS (gare);;;;2020-10-15;;active;030030021;unknown
C02404;Caméléon T1;BUS T1;bus;;REPLACEMENT_LINE_TYPE;100;RATP;1035;;003ca6;ffffff;100 64 0 35;ffffff;unknown;true;true;A01191;T1;;;;2021-01-12;;active;100100731;false
C02425;O;O;bus;localBus;;334;Autocars Dominique;;Paris-Saclay Mobilités;ff6600;000000;0 60 100 0;000000;unknown;unknown;unknown;A01781;ABCDE;;;;2019-01-01;;active;111591210;unknown
C02436;3248;3248;bus;localBus;;1030;Francilité Grand Provinois;;Provinois - Brie et Seine;8d653d;ffffff;0 30 100 54;ffffff;unknown;false;partial;A01354;PROVINS (VILLE HAUTE)  - NANGIS (LYCEE HENRI BECQUEREL);;;;2014-07-16;;active;514514127;unknown
C02443;5237;5237;bus;;;1037;Transdev Sud Yvelines;;Centre et Sud Yvelines;008c5a;ffffff;0 18 39 0;000000;unknown;true;true;A02324;LES MUREAUX - VILLIERS SAINT FREDERIC;;;;2021-08-01;;active;530530182;false
C02444;5328;5328;bus;localBus;;1037;Transdev Sud Yvelines;;Centre et Sud Yvelines;f78f4b;000000;0 33 53 4;ffffff;unknown;true;true;A00119;Meulan (Arquebuse) - Aubergenville (Lycée Van Gogh);;;;2021-08-01;;active;530530180;false
C02450;4452;4452;bus;;SEASONAL_LINE_TYPE;1018;Francilité Ouest Essonne;;Essonne Sud Ouest;006db8;ffffff;100 41 0 28;ffffff;unknown;unknown;unknown;A02423;Gare de Dourdan - Gare de Dourdan (via hopital);;;;2021-08-23;;active;524524042;partial
C02451;4453;4453;bus;;;1018;Francilité Ouest Essonne;;Essonne Sud Ouest;f59eb3;000000;0 36 27 4;000000;unknown;unknown;unknown;A02424;Piscine - Champ de courses;;;;2021-08-23;;active;524524043;partial
C02455;2280;2280;bus;;;1002;Transdev Marne-la-Vallée;;Marne-la-Vallée;d2d200;000000;14 0 100 11;000000;unknown;true;true;A02298;Noisiel Chelles Pontault Champs Gournay > Etablissement St Laurent;;;;2021-08-19;;active;510510020;partial
C02459;382;382;bus;;;100;RATP;;;8d653d;ffffff;0 30 100 54;ffffff;unknown;true;true;A02431;382;;;;2022-01-03;;active;100100382;true
C02461;4524;4524;bus;;;1033;Transdev Cœur Essonne;;Cœur d’Essonne;d2d200;000000;23 11 100 0;000000;unknown;true;true;A00571;JUVISY-SUR-ORGE (GARE ROUTIERE)  - VIRY-CHATILLON (VICTOR SCHOELCHER);;;;2014-07-16;;active;525525023;partial
C02464;Soir Domont;Soir;bus;demandAndResponseBus;;1008;Transdev Valmy;;Vallée de Montmorency;652c8f;ffffff;16 39 0 44;ffffff;unknown;true;partial;A02505;Bus soirée Domont;;;;2022-02-04;;active;505505091;false
C02467;TàD 4592 Cœur d'Essonne;TàD 4592;bus;demandAndResponseBus;;1033;Transdev Cœur Essonne;;Cœur d’Essonne;6e6e00;ffffff;46 33 100 0;ffffff;unknown;unknown;unknown;A02536;GARE SAINTE-GENEVIEVE-DES-BOIS - GARE EPINAY-SUR-ORGE;Réservation obligatoire;"3 possibilités pour réserver :
L’application TAD Ile-de-France Mobilités
Le site Internet de TAD https://tad.idfmobilites.fr/
Le n° vert 09 70 80 96 63 (du L au V de 9h à 18h, sauf les jours fériés)";;2020-11-16;;active;055055601;true
C02469;T13;T13;bus;;REPLACEMENT_LINE_TYPE;800;SNCF;;Transilien;8d653d;000000;0 30 100 54;000000;unknown;unknown;unknown;A02373;T13;;;https://data.iledefrance-mobilites.fr/api/explore/v2.1/catalog/datasets/referentiel-des-lignes/files/07d202b2a699910502ae61197977502d;2022-05-30;;active;800854543;unknown
C02476;Soirée Villeparisis;Soir;bus;demandAndResponseBus;;1029;Keolis Roissy Pays de France Est;;Roissy Est;662583;ffffff;22 72 0 49;ffffff;unknown;false;false;A02722;Bus soirée Villeparisis;;;;2022-05-17;;active;508508718;partial
C02479;J;J;bus;localBus;;1011;RD Mantois;;Mantois;cec73d;000000;14 0 100 11;000000;unknown;partial;partial;A02471;LIGNE EXTREME SOIREE CONFLANS - LES MUREAUX - MANTES-LA-JOLIE;;;;2022-06-08;;active;000535800;unknown
C02481;5322;5322;bus;localBus;;1037;Transdev Sud Yvelines;;Centre et Sud Yvelines;ffcd03;000000;0 0 100 0;000000;unknown;false;false;A02607;CRESPIERES - GARE DE SAINT-NOM-LA-BRETECHE L'ETANG LA VILLE;;;;2022-06-20;;active;530530705;false
C02490;Soirée Meaux Sud;Soir;bus;demandAndResponseBus;;1019;Transdev Marne-et-Ourcq;;Meaux et Ourcq;652c8f;ffffff;16 39 0 44;ffffff;unknown;unknown;unknown;A02590;Bus soirée Sud;;;;2022-07-04;;active;511511701;partial
C02495;TàD 4305;TàD 4305;bus;demandAndResponseBus;;1016;Keolis Val d'Essonne Deux Vallées;;Essonne Sud Est;ffbe00;000000;0 19 100 0;000000;unknown;unknown;unknown;A02460;TAD Guigneville sur Essonne - Gare de Bouray;Réservation obligatoire;Réservation obligatoire;;2022-07-04;;active;531531601;partial
C02502;V;V;bus;;;334;Autocars Dominique;;Paris-Saclay Mobilités;646ab1;ffffff;44 40 0 31;ffffff;unknown;unknown;unknown;A02596;Verrières le Buisson - Massy;;;;2022-08-16;;active;100591604;unknown
C02503;TàD 78;TàD;bus;demandAndResponseBus;;1021;Transdev Boucle des Lys;;Saint Germain Boucles de Seine;fecb00;000000;0 20 100 0;000000;unknown;unknown;unknown;A02673;TAD Aigremont;Réservation obligatoire;Réservation obligatoire;;2022-08-08;;active;532532078;partial
C02517;CitéVal Ermont;CitéVal;bus;;;1041;Francilité Val Parisis;;;a03187;ffffff;43 91 0 33;ffffff;unknown;true;true;A02699;SRL Citéval d'Ermont;;;;2022-11-23;;active;030595052;unknown
C02522;Soir - Gretz-Armainvilliers;Soir;bus;demandAndResponseBus;;1025;Keolis Portes et Val de Brie;;Pays Briard;662583;ffffff;22 72 0 49;ffffff;unknown;false;false;A02700;Service divergent de soirée Tournan Gretz;Bus Soirée;"Pas besoin de réserver !
1- A la gare à l’horaire prévu, je monte dans le bus.
2- Je valide mon titre de transport.
3- J’indique au conducteur mon arrêt de descente.
4- Le conducteur adapte son itinéraire en fonction des demandes.";;2022-12-07;;active;513513701;partial
C02525;Bus de substitution de l'ORLYVAL;BUSORLY;bus;;REPLACEMENT_LINE_TYPE;100;RATP;1035;;ffd966;000000;0 15 60 0;000000;unknown;true;true;A01551;ORLYVAL;;;;2022-11-09;;active;100100719;unknown
C02531;Bus de substitution du métro 11;BUSM11;bus;;REPLACEMENT_LINE_TYPE;100;RATP;1035;;704b1c;ffffff;0 33 75 56;ffffff;unknown;true;true;A01544;11;;;https://data.iledefrance-mobilites.fr/api/explore/v2.1/catalog/datasets/referentiel-des-lignes/files/091275f9a999a893de5eb4703e1a74af;2023-02-22;;active;100100711;unknown
C02534;Bus de substitution du métro 13;BUSM13;bus;;REPLACEMENT_LINE_TYPE;100;RATP;1035;;6ec4e8;000000;53 16 0 9;000000;unknown;true;true;A01546;13;;;;2023-02-22;;active;100100713;unknown
C02537;15;15;bus;;;1010;Keolis Seine et Oise Est;;Poissy - Les Mureaux;82dc73;000000;54 0 54 0;000000;unknown;true;true;A02705;VERNOUILLET Collège Emile Zola - VERNOUILLET-VERNEUIL Gare - VERNOUILLET Collège Emile Zola - sens anti-horaire.;;;;2023-04-09;;active;534534515;partial
C02541;25;25;bus;;;1010;Keolis Seine et Oise Est;;Poissy - Les Mureaux;00a092;ffffff;82 0 54 0;ffffff;unknown;true;true;A02548;Meulan (Maison des Associations) - Les Mureaux (Gare);;;;2023-04-09;;active;534534555;partial
C02543;90;90;bus;;;1010;Keolis Seine et Oise Est;;Poissy - Les Mureaux;ff1400;ffffff;0 100 94 0;ffffff;unknown;true;true;A02550;Poissy (La Coudraie) - Poissy (Peugeot);;;;2023-04-09;;active;534534564;partial
C02547;51;51;bus;;;1010;Keolis Seine et Oise Est;;Poissy - Les Mureaux;82dc73;000000;54 0 54 0;000000;unknown;true;true;A02554;Carrières (Les Fleurs / Les Oiseaux) - Poissy (Le Corbusier);;;;2023-04-09;;active;534534602;partial
C02550;54;54;bus;;;1010;Keolis Seine et Oise Est;;Poissy - Les Mureaux;a50034;ffffff;0 100 46 26;ffffff;unknown;true;true;A02557;Poissy (La Coudraie) - Poissy (Grands Champs);;;;2023-04-09;;active;534534605;partial
C02551;55;55;bus;;;1010;Keolis Seine et Oise Est;;Poissy - Les Mureaux;ff82b4;000000;0 47 11 0;000000;unknown;true;true;A02558;Poissy (Saint-Exupéry) - Poissy (le Corbusier);;;;2023-04-09;;active;534534606;partial
C02554;58;58;bus;;;1010;Keolis Seine et Oise Est;;Poissy - Les Mureaux;6e491e;ffffff;54 68 100 0;ffffff;unknown;true;true;A02561;Les Mureaux (Gare) - Les Mureaux (Lycée François Villon);;;;2023-04-09;;active;534534609;partial
C02557;65;65;bus;;;1010;Keolis Seine et Oise Est;;Poissy - Les Mureaux;ff82b4;000000;0 47 11 0;000000;unknown;true;true;A02564;Meulan (Arquebuse) - Poissy (Le Corbusier);;;;2023-04-09;;active;534534616;partial
C02561;69;69;bus;;;1010;Keolis Seine et Oise Est;;Poissy - Les Mureaux;dc9600;000000;0 19 88 13;000000;unknown;true;true;A02568;Poissy (Gare Nord) - Verneuil-sur-Seine (Notre-Dame Les Oiseaux);;;;2023-04-09;;active;534534620;partial
C02566;2;2;bus;;;1010;Keolis Seine et Oise Est;;Poissy - Les Mureaux;ff5a00;000000;0 53 78 0;000000;true;true;true;A02541;Chanteloup-les-Vignes (Les Ouches) - Chambourcy (Collège André Derain);;;;2023-04-09;;active;534534502;partial
C02590;Bus de Substitution du métro 7B;BUSM07B;bus;;REPLACEMENT_LINE_TYPE;100;RATP;1035;;6eca97;000000;45 0 25 21;000000;unknown;true;true;A01550;7 Bis;;;https://data.iledefrance-mobilites.fr/api/explore/v2.1/catalog/datasets/referentiel-des-lignes/files/e08d6e9d99727bb7d55ffc5c44801f72;2014-07-16;;active;100110727;unknown
C02591;Soirée Mitry-le-Neuf;Soir;bus;demandAndResponseBus;;1029;Keolis Roissy Pays de France Est;;Roissy Est;662583;ffffff;22 72 0 49;ffffff;unknown;false;false;A02721;Bus soirée Mitry le Neuf;;;;2023-07-01;;active;508508717;partial
C02604;R9;R9;bus;;;1028;Keolis Roissy Pays de France Ouest;;Roissy Ouest;662483;ffffff;22 73 0 49;ffffff;unknown;unknown;unknown;A02728;ligne R9 Gare de Survilliers- Fosses - PLAILLY- Vergers;;;;2023-07-28;;active;506506909;partial
C02615;11;11;bus;localBus;;1021;Transdev Boucle des Lys;;Saint Germain Boucles de Seine;ff5a00;000000;0 53 78 0;000000;unknown;unknown;unknown;A02763;MAREIL-MARLY - MARLY-LE-ROI;;;;2023-07-31;;active;532532011;partial
C02616;12;12;bus;localBus;;1021;Transdev Boucle des Lys;;Saint Germain Boucles de Seine;82c8e6;000000;0 0 0 33;000000;unknown;unknown;unknown;A02764;ETANG LA VILLE GARE SNCF - ETANG LA VILLE - LES SABLONS;;;;2023-07-31;;active;532532012;partial
C02620;3141;3141;bus;;;1025;Keolis Portes et Val de Brie;;Pays Briard;87d3df;ffffff;39 5 0 13;ffffff;unknown;true;true;A02773;Ligne 4s;;;https://data.iledefrance-mobilites.fr/api/explore/v2.1/catalog/datasets/referentiel-des-lignes/files/3ebd1a854fa6a33d618c1de714b8ed9d;2023-09-05;;active;513513104;partial
C02622;W;W;bus;;;334;Autocars Dominique;;Paris-Saclay Mobilités;aaaaaa;000000;0 0 0 33;000000;unknown;unknown;unknown;A02787;desserte Wissous  (circulaire) - navette W;;;;2023-09-12;;active;100591600;unknown
C02625;1235;1235;bus;;;1040;Francilité Seine et Oise;;Cergy-Pontoise Confluence;ff1400;ffffff;0 100 94 0;ffffff;unknown;true;true;A02788;Pontoise Gare - Cergy-Saint-Christophe RER;;;;2023-10-16;;active;059440446;true
C02627;Soir Les Mureaux;Soir;bus;demandAndResponseBus;;1010;Keolis Seine et Oise Est;;Poissy - Les Mureaux;640082;ffffff;75 100 0 0;ffffff;unknown;true;true;A02470;BUS SOIREE POISSY - VERNEUIL-SUR-SEINE - LES MUREAUX;;;;2023-10-16;;active;534534403;partial
C02628;Soir Carrières-sous-Poissy;Soir;bus;demandAndResponseBus;;1010;Keolis Seine et Oise Est;;Poissy - Les Mureaux;640082;ffffff;75 100 0 0;ffffff;unknown;true;true;A02470;BUS SOIREE POISSY - VERNEUIL-SUR-SEINE - LES MUREAUX;;;;2023-10-16;;active;534534403;partial
C02634;N162;N162;bus;nightBus;;1037;Transdev Sud Yvelines;;Centre et Sud Yvelines;3c91dc;ffffff;69 34 0 0;ffffff;unknown;unknown;unknown;A02502;N162 PARIS MONTPARNASSE - RAMBOUILLET;;;;2024-07-08;;active;530987162;false
C02636;Tzen 4;Tzen 4;bus;;;1038;TISSE;;;d3ca00;000000;0 4 100 17;000000;unknown;true;true;A02790;TZEN 4 - CORBEIL-ESSONNES GARE - VIRY-CHATILLON LA TREILLE;;;;2023-12-01;;active;000523104;partial
C02640;Soir Saint-Rémy;Soir;bus;demandAndResponseBus;;1037;Transdev Sud Yvelines;;Centre et Sud Yvelines;aaaaaa;000000;0 0 0 33;000000;unknown;unknown;unknown;A02794;SD Saint Rémy;;;;2025-09-01;;prochainement active;530530703;false
C02662;4513;4513;bus;localBus;;1033;Transdev Cœur Essonne;;Cœur d’Essonne;a50034;ffffff;5 100 48 22;ffffff;unknown;true;true;A02754;LR n° 5;;;;2023-12-28;;active;000525055;true
C02667;Soirée Aubergenville;Soir;bus;demandAndResponseBus;;1011;RD Mantois;;;652c8f;ffffff;16 39 0 44;ffffff;unknown;unknown;unknown;A02475;SERVICE DIVERGENT AUBERGENVILLE;;;;2024-02-06;;active;000535701;unknown
C02672;2284;2284;bus;;;1002;Transdev Marne-la-Vallée;;Marne-la-Vallée;d282be;000000;21 38 0 0;000000;unknown;true;true;A02824;PONTAULT - CROISSY - SAINT-LAURENT;;;;2024-04-22;;active;510510084;partial
C02681;3752;3752;bus;localBus;;1003;Transdev Senart;;Sénart;ffbe00;000000;0 19 100 0;000000;unknown;true;true;A02929;Gare de Lieusaint - Montereau Adrienne Bolland;;;;2024-09-16;;active;512512052;false
C02689;Soirée Bussy-st-Georges;Soir;bus;demandAndResponseBus;;1002;Transdev Marne-la-Vallée;;Marne-la-Vallée;652c8f;ffffff;16 39 0 44;ffffff;unknown;unknown;unknown;A02834;BUS SOIREE BUSSY;;;;2024-04-22;;active;510510101;partial
C02694;2152;2152;bus;;;1029;Keolis Roissy Pays de France Est;;Roissy Est;ffcd03;000000;0 19 99 0;000000;unknown;unknown;unknown;A02863;SAINT-MARD – Collège Georges Brassens | Église du Plessis-l'Évèque;;;;2024-04-22;;active;;partial
C02696;2154;2154;bus;;;1029;Keolis Roissy Pays de France Est;;Roissy Est;8e6539;ffffff;0 33 70 45;ffffff;unknown;unknown;unknown;A02865;Gare de Dammartin-Juilly-Saint-Mard | MEAUX – Henri IV;;;;2024-04-22;;active;;partial
C02701;2160;2160;bus;;;1029;Keolis Roissy Pays de France Est;;Roissy Est;87d3df;000000;39 5 0 12;000000;unknown;unknown;unknown;A02871;;;;;2024-04-22;;active;;partial
C02703;2162;2162;bus;;;1029;Keolis Roissy Pays de France Est;;Roissy Est;662d91;ffffff;30 69 0 43;ffffff;unknown;unknown;unknown;A02873;LONGPERRIER – Lycée Charles de Gaulle | Mairie de Mauregard;;;;2024-04-22;;active;;partial
C02711;V;V;rail;suburbanRailway;;800;SNCF;;Transilien;9f9825;ffffff;46 33 100 0;ffffff;unknown;true;unknown;A01840;RER C;;;https://data.iledefrance-mobilites.fr/api/explore/v2.1/catalog/datasets/referentiel-des-lignes/files/2f6517d91c45d6e415c7e624abaa8cc2;2024-12-15;;active;;unknown
C02712;V;V;bus;;REPLACEMENT_LINE_TYPE;800;SNCF;;Transilien;9f9825;ffffff;46 33 100 0;ffffff;unknown;unknown;unknown;A01840;RER C;;;https://data.iledefrance-mobilites.fr/api/explore/v2.1/catalog/datasets/referentiel-des-lignes/files/909691f67899fd430d871de1cee9af05;2024-12-15;;active;;unknown
C02720;3447;3447;bus;;;1026;Transdev Pays de Fontainebleau;;Fontainebleau - Moret;82c8e6;000000;44 0 12 0;000000;unknown;true;true;A02937;Gare Bois le Roi via Brolle – Gare Bois le Roi;;;;2024-11-18;;active;;partial
C02733;Bus de substitution du tram T14;T14;bus;;REPLACEMENT_LINE_TYPE;1042;STRETTO;;;00a092;000000;82 0 54 0;000000;unknown;unknown;unknown;A02945;Esbly - Crécy;;;;2025-03-22;;active;;partial
C02735;TàD Poincy - Meaux;TàD;bus;demandAndResponseBus;;1019;Transdev Marne-et-Ourcq;;Meaux et Ourcq;ffbe50;000000;0 0 0 33;000000;unknown;unknown;unknown;A02305;TAD Poincy - Meaux Av de la Victoire;;;;2025-01-06;;active;;partial
C02739;4279;4279;bus;;;1038;TISSE;;Evry Centre Essonne;82dc73;000000;41 0 48 14;000000;unknown;unknown;unknown;A01474;FLEURY-MEROGIS (Clément Ader)  - VILLABE (Centre Commercial);;;https://data.iledefrance-mobilites.fr/api/explore/v2.1/catalog/datasets/referentiel-des-lignes/files/82a366f82fb60e774b408a24491a1f56;2025-01-06;;active;;partial
C02745;363;363;bus;;;100;RATP;;;a50034;ffffff;0 100 68 35;ffffff;unknown;true;true;A02951;363;;;;2025-03-03;;active;100100363;unknown
C02752;BRETIGNY-SUR-ORGE (Breche aux loups) - BRETIGNY-SUR-ORGE (Bois de Vetille);TAD;bus;demandAndResponseBus;;1033;Transdev Cœur Essonne;;;aaaaaa;000000;0 0 0 33;000000;unknown;unknown;unknown;A01338;BRETIGNY-SUR-ORGE (Breche aux loups)  - BRETIGNY-SUR-ORGE (Bois de Vetille);;;;2014-07-16;;active;;true
C02761;TAD zonal Crécy la Chapelle (matin);TAD;bus;demandAndResponseBus;;1020;Transdev Brie et 2 Morin;;;aaaaaa;000000;0 0 0 33;000000;unknown;unknown;unknown;A02605;TAD zonal Crécy la Chapelle (matin);;;;2022-06-10;;active;;true
C02764;TAD BREUILLET - ARPAJON;TAD;bus;demandAndResponseBus;;1033;Transdev Cœur Essonne;;;aaaaaa;000000;0 0 0 33;000000;unknown;unknown;unknown;A02378;TAD BREUILLET - ARPAJON;;;;2020-04-02;;active;;true
C02765;MAUCHAMPS (EGLISE) - ST-CHERON (COLLEGE DU PONT DE BOIS);TAD;bus;demandAndResponseBus;;1033;Transdev Cœur Essonne;;;aaaaaa;000000;0 0 0 33;000000;unknown;unknown;unknown;A00830;MAUCHAMPS (EGLISE)  - ST-CHERON (COLLEGE DU PONT DE BOIS);;;;2014-07-16;;active;;true
C02766;BRETIGNY-SUR-ORGE (RER) - BONDOUFLE (GARE);TAD;bus;demandAndResponseBus;;1033;Transdev Cœur Essonne;;;aaaaaa;000000;0 0 0 33;000000;unknown;unknown;unknown;A00296;BRETIGNY-SUR-ORGE (RER)  - BONDOUFLE (GARE);;;;2014-07-16;;active;;true
C02771;Soirée Crosne;Soir;bus;demandAndResponseBus;;1015;Keolis Val d'Yerres Val de Seine;;;640082;ffffff;26 85 0 0;ffffff;unknown;unknown;unknown;A02955;Bus de soirée Crosne;;;https://data.iledefrance-mobilites.fr/api/explore/v2.1/catalog/datasets/referentiel-des-lignes/files/9be361f94a6fc68ba09626200e4f23b7;2025-03-03;;active;;partial
C02776;TAD CHARTRETTES - BOIS LE ROI;TAD;bus;demandAndResponseBus;;1026;Transdev Pays de Fontainebleau;;;aaaaaa;000000;0 0 0 33;000000;unknown;unknown;unknown;A02318;TAD CHARTRETTES - BOIS LE ROI;;;;2019-01-14;;active;;partial
C02778;TAD PERTHES (Bière);TAD;bus;demandAndResponseBus;;1026;Transdev Pays de Fontainebleau;;;aaaaaa;000000;0 0 0 33;000000;unknown;unknown;unknown;A02338;TAD PERTHES (Bière);;;;2019-07-09;;active;;partial
C02786;2378;2378;bus;;;1019;Transdev Marne-et-Ourcq;;;aaaaaa;000000;0 0 0 33;000000;unknown;unknown;unknown;A03035;Charny-Villeroy-Chauconin Neufmontiers - Crégy-les-Meaux Collège/ Meaux Gare;;;;2025-09-01;;prochainement active;000511778;unknown
C00010;3104;3104;bus;localBus;;1025;Keolis Portes et Val de Brie;;Pays Briard;ed1c2a;ffffff;0 88 82 7;ffffff;unknown;true;true;A00008;CHAUMES-EN-BRIE - VERNEUIL-L'ETANG;;;https://data.iledefrance-mobilites.fr/api/explore/v2.1/catalog/datasets/referentiel-des-lignes/files/f5c3fcb6ea23f47320b6fbdbbacd36f1;2014-07-16;;active;513513004;partial
C00021;3145;3145;bus;regionalBus;;1025;Keolis Portes et Val de Brie;;Pays Briard;0a8c5a;000000;100 0 36 45;000000;false;true;true;A00019;OZOIR-LA-FERRIERE - OZOIR-LA-FERRIERE;;;https://data.iledefrance-mobilites.fr/api/explore/v2.1/catalog/datasets/referentiel-des-lignes/files/c13bbb3c301a0f07d00d17d4b9552da2;2014-07-16;;active;513513201;partial
C00027;7716;7716;bus;expressBus;SEASONAL_LINE_TYPE;1025;Keolis Portes et Val de Brie;;Pays Briard;87d3df;ffffff;39 5 0 13;ffffff;false;true;true;A00025;LIEUSAINT - SERRIS;;;https://data.iledefrance-mobilites.fr/api/explore/v2.1/catalog/datasets/referentiel-des-lignes/files/4753b197d4532d050e36c6839a62a63e;2014-07-16;;active;513513016;partial
C00029;502;502;bus;localBus;;003;N4 Mobilités;;Sit'bus;fbe324;000000;0 9 86 2;000000;unknown;unknown;unknown;A00030;ROISSY-EN-BRIE (RER)  - PONTAULT-COMBAULT (RER);;;;2014-07-16;;active;003351502;false
C00032;D;D;bus;localBus;;003;N4 Mobilités;;Sit'bus;2c2e83;ffffff;66 65 0 49;ffffff;false;unknown;unknown;A00030;ROISSY-EN-BRIE (RER)  - PONTAULT-COMBAULT (RER);;;;2014-07-16;;active;003351505;false
C00043;6124;6124;bus;localBus;;1017;Keolis Vélizy Vallée de la Bièvre;;Vélizy Vallées;0055c8;ffffff;100 54 0 0;ffffff;true;true;true;A02153;Versailles (Gare Versailles Chantiers) – Velizy Villacoublay (Centre commercial);;;;2014-07-16;;active;527527024;partial
C00052;6122;6122;bus;localBus;;1017;Keolis Vélizy Vallée de la Bièvre;;Vélizy Vallées;a0006e;ffffff;26 85 0 0;ffffff;true;true;true;A00048;Versailles (Gare Versailles Chantiers) - Vélizy Villacoublay (Base Aérienne 107);;;;2014-07-16;;active;527527033;partial
C00060;5213;5213;bus;localBus;;1037;Transdev Sud Yvelines;;Centre et Sud Yvelines;f59eb3;000000;0 40 17 1;ffffff;unknown;true;true;A00056;MONTFORT-L'AMAURY/VILLIERS-SAINT-FRÉDÉRIC <> Gare de NÉZEL-AULNAY;;;;2014-07-16;;active;530530113;false
C00062;7806;7806;bus;expressBus;;1037;Transdev Sud Yvelines;;Centre et Sud Yvelines;4d90cd;ffffff;77 30 0 0;ffffff;unknown;true;true;A00058;MANTES LA VILLE - RAMBOUILLET;;;;2014-07-16;;active;530530060;false
C00064;5367;5367;bus;expressBus;;1037;Transdev Sud Yvelines;;Centre et Sud Yvelines;4d90cd;ffffff;77 30 0 0;ffffff;unknown;true;true;A00060;MONTIGNY-LE-BRETONNEUX (gare de st quentin)  - GARANCIERES - TACOIGNIERES - HOUDAN (zac la prévauté);;;;2014-07-16;;active;530530067;false
C00072;7;7;bus;;;1013;RD Saclay;;Paris Saclay;facc00;000000;0 18 100 2;000000;unknown;unknown;unknown;A00067;ORSAY (GARE D'ORSAY - L'YVETTE)  - ORSAY (CORBEVILLE - PLATEAU DE MOULON);;;;2014-07-16;;active;526526007;unknown
C00073;8;8;bus;;;1013;RD Saclay;;Paris Saclay;e7a3bf;000000;0 30 18 9;000000;unknown;unknown;unknown;A00068;ORSAY (Bois-Persan)  - PALAISEAU (Couturier);;;;2014-07-16;;active;526526108;unknown
C00074;1;1;bus;;SEASONAL_LINE_TYPE;1013;RD Saclay;;Paris Saclay;cf2939;ffffff;0 80 72 19;ffffff;true;true;true;A01712;ORSAY (Gare RER)  - IGNY (Gare RER);;;;2014-07-16;;active;526526010;unknown
C00075;14;14;bus;;;1013;RD Saclay;;Paris Saclay;54aee3;000000;63 23 0 11;000000;true;true;true;A01713;PALAISEAU (Ecole Polytechnique)  - MASSY (Gare RER B de Massy Palaiseau);;;;2014-07-16;;active;526526014;unknown
C00076;S15;S15;bus;;;1013;RD Saclay;;Paris Saclay;253b82;ffffff;72 55 0 49;ffffff;false;unknown;unknown;A00072;Massy (Gare de Massy Palaiseau) - Vélizy (Gare Routière);;;;2014-07-16;;active;526526015;unknown
C00079;19;19;bus;;;1013;RD Saclay;;Paris Saclay;e78c2a;000000;0 40 82 9;000000;false;unknown;unknown;A00069;PALAISEAU (RER LOZERE)  - PALAISEAU (RER);;;;2014-07-16;;active;526526119;unknown
C00083;4553;4553;bus;localBus;;1033;Transdev Cœur Essonne;;Cœur d’Essonne;ff1400;ffffff;0 100 94 0;ffffff;false;true;true;A00076;MAROLLES-EN-HUREPOIX (Gare)  - MAROLLES-EN-HUREPOIX (Gare);;;;2014-07-16;;active;525525002;partial
C00100;4323;4323;bus;localBus;;1016;Keolis Val d'Essonne Deux Vallées;;Essonne Sud Est;82c8e6;000000;44 13 0 10;000000;unknown;unknown;unknown;A00090;Arpajon (La Montagne) - Itteville (Le Domaine);;;;2014-07-16;;active;531531022;partial
C00104;4326;4326;bus;localBus;;1016;Keolis Val d'Essonne Deux Vallées;;Essonne Sud Est;a0006e;ffffff;26 85 0 0;ffffff;unknown;unknown;unknown;A00094;MENNECY (lycée)  - BALLANCOURT-SUR-ESSONNE (gare);;;;2014-07-16;;active;531531026;partial
C00106;21;21;bus;localBus;;1010;Keolis Seine et Oise Est;;Poissy - Les Mureaux;dc9600;000000;0 19 88 13;000000;unknown;true;true;A00098;Les Mureaux (Gare) - Cergy (Gare de Cergy-le-Haut);;;;2014-07-16;;active;534534551;partial
C00114;X419;X419;bus;expressBus;;1010;Keolis Seine et Oise Est;;Poissy - Les Mureaux;3c91dc;ffffff;69 34 0 0;ffffff;unknown;true;true;A00106;Les Mureaux (Gare) - Versailles (Gare de Versailles Chantiers);;;;2014-07-16;;active;534534532;partial
C00115;93;93;bus;localBus;;1010;Keolis Seine et Oise Est;;Poissy - Les Mureaux;82dc73;000000;54 0 54 0;000000;unknown;true;true;A00107;Aubergenville (Elisabethville) ou Ecquevilly - Poissy (Peugeot);;;;2014-07-16;;active;534534574;partial
C00120;42;42;bus;localBus;;1011;RD Mantois;;Mantois;9b9842;ffffff;19 0 100 33;ffffff;unknown;partial;partial;A00112;ELISABETHVILLE Circuit urbain;;;;2014-07-16;;active;000535042;unknown
C00149;10;10;bus;regionalBus;;1021;Transdev Boucle des Lys;;Saint Germain Boucles de Seine;a0006e;ffffff;0 100 31 37;ffffff;true;true;true;A00138;MARLY-LE-ROI - LE PECQ - ST-GERMAIN-EN-LAYE;;;;2014-07-16;;active;532532010;partial
C00156;R4;R4;bus;regionalBus;;1021;Transdev Boucle des Lys;;Saint Germain Boucles de Seine;9e2784;ffffff;0 75 17 38;ffffff;false;unknown;unknown;A00143;St Germain en Laye (Gare RER) - Chambourcy (Collège);;;;2014-07-16;;active;532532030;partial
C00157;R5;R5;bus;localBus;;1021;Transdev Boucle des Lys;;Saint Germain Boucles de Seine;fecf00;000000;0 19 100 0;000000;unknown;unknown;unknown;A00144;ST-GERMAIN-EN-LAYE (GARE RER)  - FOURQUEUX (CLOS BADERE);;;;2014-07-16;;active;532532031;partial
C00160;R1;R1;bus;regionalBus;;1021;Transdev Boucle des Lys;;Saint Germain Boucles de Seine;e34611;ffffff;0 69 93 11;ffffff;true;unknown;unknown;A00146;ST-GERMAIN-EN-LAYE (RER)  - ST-GERMAIN-EN-LAYE (LYCEE DE VINCI);;;;2014-07-16;;active;532532033;partial
C00165;5334;5334;bus;localBus;;1037;Transdev Sud Yvelines;;Centre et Sud Yvelines;662d91;ffffff;0 88 14 43;ffffff;unknown;true;true;A00150;RAMBOUILLET <> LIMOURS / BONNELLES;;;;2014-07-16;;active;530530004;false
C00178;5225;5225;bus;localBus;;1037;Transdev Sud Yvelines;;Centre et Sud Yvelines;bb4b9b;ffffff;0 47 4 37;ffffff;unknown;true;true;A00163;PRUNAY-EN-YVELINES L'Abbé <> SAINT-ARNOULT-EN-YVELINES Collège Brassens;;;;2014-07-16;;active;530530025;false
C00188;5389;5389;bus;localBus;;1037;Transdev Sud Yvelines;;Centre et Sud Yvelines;e0b03b;000000;0 7 90 1;000000;unknown;true;true;A00173;St HILARION (Route d'Epernon) - St QUENTIN EN YVELINES (60 Arpents);;;;2014-07-16;;active;530530089;false
C00197;15;15;bus;regionalBus;;1024;Transdev Nord Seine-Saint-Denis;;Terres d'Envol;0064b0;ffffff;100 43 0 31;ffffff;unknown;true;true;A00179;TREMBLAY-EN-FRANCE (JAURES)  - AULNAY-SOUS-BOIS (RER);;;;2014-07-16;;active;507507015;partial
C00201;2119;2119;bus;;;1029;Keolis Roissy Pays de France Est;;Roissy Est;78c696;000000;39 0 24 22;000000;unknown;true;true;A00181;LE PIN (Clos marchais)  - COURTRY - VILLEPARISIS (RER);;;;2014-07-16;;active;014014019;partial
C00204;2123;2123;bus;regionalBus;;1029;Keolis Roissy Pays de France Est;;Roissy Est;e3051c;ffffff;0 98 88 11;ffffff;unknown;true;true;A00208;ViILLEPARISIS Marché -Roissypôle RER;;;;2014-07-16;;active;014014223;partial
C00209;32;32;bus;regionalBus;;1028;Keolis Roissy Pays de France Ouest;;Roissy Ouest;00814f;ffffff;100 0 39 49;ffffff;true;true;true;A00186;Victor Basch-GOUSSAINVILLE - Aéroville-AÉROPORT CDG 1;;;;2014-07-16;;active;506506032;partial
C00216;45;45;bus;localBus;;1024;Transdev Nord Seine-Saint-Denis;;Terres d'Envol;f3a4ba;000000;0 33 23 5;000000;unknown;true;true;A00192;VILLEPINTE (Vert Galant R.E.R.)  - AULNAY-SOUS-BOIS (Garonor-Gare Routière);;;;2014-07-16;;active;507507045;partial
C00231;R4;R4;bus;;;1028;Keolis Roissy Pays de France Ouest;;Roissy Ouest;98d0c1;ffffff;27 0 7 18;ffffff;unknown;true;true;A00214;TREMBLAY-EN-FRANCE (Roissypôle RER)  - LOUVRES (RER);;;;2014-07-16;;active;014014904;partial
C00238;R113;R113;bus;;;1028;Keolis Roissy Pays de France Ouest;;Roissy Ouest;e3051b;ffffff;0 98 88 11;ffffff;false;true;true;A00221;ROISSY-EN-FRANCE - LOUVRES - ST-WITZ;;;;2014-07-16;;active;014014913;partial
C00245;2101;2101;bus;;;1029;Keolis Roissy Pays de France Est;;Roissy Est;e3051c;ffffff;0 98 88 11;ffffff;unknown;true;true;A00224;TREMBLAY-EN-FRANCE (Roissypôle RER)  - MOUSSY-LE-NEUF (LA BAROGNE);;;;2014-07-16;;active;014077701;partial
C00263;Express 100;100;bus;expressBus;;1032;Transdev Côteaux de la Marne;;Marne et Seine;3c91dc;ffffff;69 34 0 0;ffffff;false;partial;partial;A00241;CRETEIL (CRETEIL L ECHAT METRO)  - TORCY (GARE TORCY RER A);;;;2014-07-16;;active;254177100;true
C00265;9502;9502;bus;regionalBus;;1028;Keolis Roissy Pays de France Ouest;;Roissy Ouest;006db8;ffffff;100 41 0 28;ffffff;false;true;true;A00243;Montmorency (Mairie) - Zone Aéroportuaire (Aéroport Charles de Gaulle 1 RER B);;;;2014-07-16;;active;506506002;partial
C00276;5323;5323;bus;localBus;;1037;Transdev Sud Yvelines;;Centre et Sud Yvelines;c5a3cd;000000;0 17 1 33;ffffff;unknown;true;true;A00259;ST-GERMAIN-EN-LAYE - LES CLAYES-SOUS-BOIS;;;;2014-07-16;;active;530530123;false
C00280;32;32;bus;localBus;;1010;Keolis Seine et Oise Est;;Poissy - Les Mureaux;640082;ffffff;75 100 0 0;ffffff;unknown;true;true;A00263;Desserte interne de Chanteloup-les-Vignes;;;;2014-07-16;;active;534534562;partial
C00281;3;3;bus;regionalBus;;1010;Keolis Seine et Oise Est;;Poissy - Les Mureaux;6e491e;ffffff;0 30 100 54;ffffff;unknown;true;true;A00264;;;;;2014-07-16;;active;534534503;partial
C00286;10;10;bus;localBus;;1010;Keolis Seine et Oise Est;;Poissy - Les Mureaux;a0006e;ffffff;26 85 0 0;ffffff;unknown;true;true;A00269;Poissy (Gare Nord) - Triel-sur-Seine;;;;2014-07-16;;active;534534541;partial
C00287;7804;7804;bus;expressBus;;1036;Francilité Express Ouest;;Lignes Île-de-France Ouest;3c91dc;ffffff;69 34 0 0;ffffff;false;true;true;A00270;POISSY (GARE NORD)  - MONTIGNY-LE-BRETONNEUX (GARE);;;;2014-07-16;2030-12-31;active;015242004;unknown
C00299;1510;1510;bus;localBus;;1008;Transdev Valmy;;Vallée de Montmorency;cec73d;000000;14 0 100 11;000000;true;true;partial;A00275;EAUBONNE (Gare d'Ermont-Eaubonne)  - SOISY-SOUS-MONTMORENCY (Parc des Sources);;;;2014-07-16;;active;505505010;false
C00304;1511;1511;bus;regionalBus;;1008;Transdev Valmy;;Vallée de Montmorency;006fb6;ffffff;100 54 0 0;ffffff;true;true;partial;A00278;EPINAY-SUR-SEINE (EPINAY GARE)  - SOISY-SOUS-MONTMORENCY (Schweitzer);;;;2014-07-16;;active;505505011;false
C00315;1514;1514;bus;regionalBus;;1008;Transdev Valmy;;Vallée de Montmorency;b94e9a;ffffff;26 85 0 0;ffffff;true;true;partial;A00283;ENGHIEN-LES-BAINS - ERMONT;;;;2014-07-16;;active;505505014;false
C00323;4530;4530;bus;localBus;;1033;Transdev Cœur Essonne;;Cœur d’Essonne;a0006e;ffffff;26 85 0 0;ffffff;true;true;true;A00300;BRETIGNY-SUR-ORGE (GARE)  - BRETIGNY-SUR-ORGE (GARE);;;;2014-07-16;;active;525525013;partial
C00327;6281;6281;bus;localBus;;1034;Transdev Versailles;;Grand Versailles;ffbe00;000000;0 25 100 0;000000;unknown;true;true;A00306;LA CELLE-ST-CLOUD (PLACE BERTHET)  - ST-GERMAIN-EN-LAYE (LYCEE INTERNATIONAL);;;;2014-07-16;;active;528528054;true
C00332;E;E;bus;localBus;;1012;Keolis Argenteuil Boucles de Seine;;Argenteuil - Boucles de Seine;9b9bcd;ffffff;34 45 0 0;ffffff;true;unknown;unknown;A00311;LE VESINET (GARE)  - CHATOU CROISSY (GARE);;;;2014-07-16;;active;000533206;partial
C00340;402;402;bus;;;1014;RD Bièvre;;Bièvre;ff5a00;000000;0 53 78 0;000000;true;true;true;A00319;ANTONY RER  - MASSY ZAC DU MOULIN;;;;2014-07-16;;active;537537003;unknown
C00342;412;412;bus;;;1014;RD Bièvre;;Bièvre;ff0000;ffffff;0 100 94 0;ffffff;true;unknown;unknown;A00321;ANTONY (Croix de Berny RER)  - CHATENAY-MALABRY LYCEE POLYVALENT;;;;2014-07-16;;active;537537004;unknown
C00350;14;14;bus;localBus;;1022;Transdev Vallée Sud;;Vallée Grand Sud Paris;0055fa;ffffff;100 66 0 2;ffffff;unknown;unknown;unknown;A00329;SCEAUX (ROBINSON RER)  - SCEAUX (ROBINSON RER);;;;2014-07-16;;active;020149014;false
C00382;4340;4340;bus;localBus;;1016;Keolis Val d'Essonne Deux Vallées;;Essonne Sud Est;a0006e;ffffff;26 85 0 0;ffffff;unknown;unknown;unknown;A00343;CORBEIL-ESSONNES (LYCEE)  - MENNECY (CENTRE COMMERCIAL);;;;2014-07-16;;active;531531010;partial
C00389;4273;4273;bus;localBus;;1038;TISSE;;Evry Centre Essonne;82dc73;000000;41 0 48 14;000000;unknown;unknown;unknown;A00348;CORBEIL-ESSONNES (GARE)  - CORBEIL-ESSONNES (GARE-MOULIN GALANT);;;https://data.iledefrance-mobilites.fr/api/explore/v2.1/catalog/datasets/referentiel-des-lignes/files/5e28c934be27efa30fe533a9f8a15abe;2014-07-16;;active;024309313;partial
C00391;4334;4334;bus;localBus;;1016;Keolis Val d'Essonne Deux Vallées;;Essonne Sud Est;ff5a00;000000;0 53 78 0;000000;unknown;unknown;unknown;A02320;VERT LE PETIT (PLACE DUQUESNE) - CORBEIL ESSONNE (GARE);;;;2014-07-16;;active;531531314;partial
C00410;5324;5324;bus;;;1037;Transdev Sud Yvelines;;Centre et Sud Yvelines;006db8;ffffff;72 57 0 49;ffffff;unknown;false;false;A00364;JOUARS-PONTCHARTRAIN - VILLIERS-ST-FREDERIC (SNCF);;;;2014-07-16;;active;530530014;false
C00414;5214;5214;bus;;;1037;Transdev Sud Yvelines;;Centre et Sud Yvelines;87d3df;000000;32 15 0 8;000000;unknown;false;false;A00368;La Queue lez Yvelines (Lycée Jean Monnet) - Beynes (Mairie);;;;2014-07-16;;active;530530118;false
C00424;5289;5289;bus;;;1037;Transdev Sud Yvelines;;Centre et Sud Yvelines;b80c4b;ffffff;0 58 89 8;ffffff;unknown;false;false;A00377;MONTFORT-L'AMAURY (College du Bel Air)  - BEYNES;;;;2014-07-16;;active;530530418;false
C00443;30-10;30-10;bus;localBus;;1041;Francilité Val Parisis;;Val Parisis;00aad2;ffffff;72 0 3 10;ffffff;true;true;true;A00385;BEAUCHAMP (Gare)  - TAVERNY (Gare);;;;2014-07-16;;active;030030010;unknown
C00451;30-22;30-22;bus;localBus;;1041;Francilité Val Parisis;;Val Parisis;8fc4eb;ffffff;47 11 0 0;ffffff;true;true;true;A00393;SANNOIS (GARE DE CERNAY/COLLEGE JEAN MOULIN)  - SANNOIS (RESIDENCE DU MOULIN);;;;2014-07-16;;active;030030022;unknown
C00452;30-23;30-23;bus;localBus;;1041;Francilité Val Parisis;;Val Parisis;a2338a;ffffff;43 91 0 0;ffffff;true;true;true;A00394;BEAUCHAMP (Gare SNCF)  - ST-LEU-LA-FORET (Gare SNCF);;;;2014-07-16;;active;030030023;unknown
C00455;30-28 Scolaire;30-28;bus;localBus;;1041;Francilité Val Parisis;;Val Parisis;bfb007;ffffff;0 0 91 34;ffffff;true;unknown;unknown;A00397;PIERRELAYE (Gare SNCF)  - ST-OUEN-L'AUMONE (Lycée E.Rostand);;;;2014-07-16;;active;030030028;unknown
C00456;1351;1351;bus;localBus;;1039;Keolis Nord Val d’Oise;;Haut Val d'Oise;f3a4ba;000000;0 33 23 5;000000;unknown;true;true;A00398;ST-OUEN-L'AUMONE Lycée E.Rostand - MERY-SUR-OISE Rue du Bac;;;;2014-07-16;;active;030030029;partial
C00458;30-31 Scolaire;30-31;bus;localBus;;1041;Francilité Val Parisis;;Val Parisis;cc3089;ffffff;18 91 0 0;ffffff;true;true;true;A00400;HERBLAY (Lycée)  - MONTIGNY-LES-CORMEILLES (AVENUE DE LA LIBERATION);;;;2014-07-16;;active;030030031;unknown
C00459;30-32 Scolaire;30-32;bus;localBus;;1041;Francilité Val Parisis;;Val Parisis;008866;ffffff;100 0 69 15;ffffff;unknown;true;true;A00401;HERBLAY (Lycée/Collège)  - CORMEILLES-EN-PARISIS (Chemin Vert/Emy les Prés);;;;2014-07-16;;active;030030032;unknown
C00478;95-26 Scolaire;95-26;bus;localBus;;1041;Francilité Val Parisis;;Val Parisis;007d9a;ffffff;100 0 25 25;ffffff;unknown;true;true;A00415;TAVERNY - BEAUCHAMP;;;;2014-07-16;;active;030195026;unknown
C00486;1521;1521;bus;localBus;;1008;Transdev Valmy;;Vallée de Montmorency;f49fb3;000000;0 47 11 0;000000;unknown;true;partial;A00422;ST-PRIX (Léon Cordier)  - ERMONT (marché);;;;2014-07-16;;active;505505021;false
C00504;5337;5337;bus;;;1037;Transdev Sud Yvelines;;Centre et Sud Yvelines;b80c4b;ffffff;0 0 0 18;000000;unknown;false;false;A00437;ST-REMY-LES-CHEVREUSE - LES ESSARTS-LE-ROI;;;;2014-07-16;;active;530530027;false
C00506;5283;5283;bus;;;1037;Transdev Sud Yvelines;;Centre et Sud Yvelines;f78f4b;000000;0 19 34 18;000000;false;false;false;A02879;BRIIS-SOUS-FORGES (Collège Jean MONNET);;;;2014-07-16;;active;530530120;false
C00517;5281;5281;bus;;;1037;Transdev Sud Yvelines;;Centre et Sud Yvelines;e0b03b;000000;0 43 56 24;ffffff;false;false;false;A02891;LIMOURS (Lycée Jules VERNES) - LIMOURS (Desserte du lycée Jules Verne);;;;2014-07-16;;active;530530099;false
C00528;5331;5331;bus;;;1037;Transdev Sud Yvelines;;Centre et Sud Yvelines;e0b03b;000000;0 9 100 13;000000;unknown;false;false;A00447;ST-REMY-LES-CHEVREUSE - CERNAY-LA-VILLE;;;;2014-07-16;;active;530530503;false
C00539;5192;5192;bus;localBus;;1023;Francilité Saint-Quentin-en-Yvelines;;Saint-Quentin-en-Yvelines;82c8e6;000000;44 0 12 0;000000;unknown;true;true;A02677;VOISIN LE BRETONNEUX Bétonnière – VOISIN LE BRETONNEUX Collège Champollion;;;;2014-07-16;;active;529529102;true
C00547;440;440;bus;localBus;;1032;Transdev Côteaux de la Marne;;Marne et Seine;6e491e;ffffff;0 30 100 54;ffffff;true;true;true;A00472;SUCY-EN-BRIE (SUCY-BONNEUIL RER) - CHENNEVIERES-SUR-MARNE (CENTRE COMMERCIAL PINCE VENT);;;;2014-07-16;;active;521521010;true
C00555;434;434;bus;localBus;;1032;Transdev Côteaux de la Marne;;Marne et Seine;ffbe00;000000;0 19 100 0;000000;unknown;true;true;A00468;SUCY-EN-BRIE (R.E.R.)  - SUCY-EN-BRIE (Lycée de Sucy);;;;2014-07-16;;active;521521104;true
C00563;CDG VAL;CDG VAL;rail;railShuttle;;043;ADP;;;5cc5ed;ffffff;61 17 0 7;ffffff;true;unknown;unknown;A01516;CDG VAL;;;;2014-07-16;;active;043043100;unknown
C00573;428;428;bus;regionalBus;;1032;Transdev Côteaux de la Marne;;Marne et Seine;ff1400;ffffff;0 100 94 0;ffffff;true;true;true;A00483;VILLENEUVE-ST-GEORGES (GARE ROUTIERE)  - CRETEIL (EDISON);;;;2014-07-16;;active;521521003;true
C00577;4119;4119;bus;regionalBus;;1015;Keolis Val d'Yerres Val de Seine;;Val d'Yerres Val de Seine;a50034;ffffff;0 100 46 26;ffffff;unknown;unknown;unknown;A00487;YERRES (ROND POINT PASTEUR)  - YERRES (GROS BOIS);;;https://data.iledefrance-mobilites.fr/api/explore/v2.1/catalog/datasets/referentiel-des-lignes/files/eda31cc151d90c7e25f5abec3c68432e;2014-07-16;;active;520520007;partial
C00581;450;450;bus;regionalBus;;1032;Transdev Côteaux de la Marne;;Marne et Seine;3c91dc;ffffff;69 34 0 0;ffffff;true;true;true;A00491;YERRES (CIMETIERE)  - CRETEIL (EDISON);;;;2014-07-16;;active;521521011;true
C00586;4131;4131;bus;localBus;;1015;Keolis Val d'Yerres Val de Seine;;Val d'Yerres Val de Seine;ff5a00;000000;0 53 78 0;000000;unknown;unknown;unknown;A00495;YERRES (ROND POINT PASTEUR)  - YERRES (GROS BOIS);;;https://data.iledefrance-mobilites.fr/api/explore/v2.1/catalog/datasets/referentiel-des-lignes/files/25706f9b6c4553f6e01b5b27678d683f;2014-07-16;;active;520520019;partial
C00590;4133;4133;bus;localBus;;1015;Keolis Val d'Yerres Val de Seine;;Val d'Yerres Val de Seine;640082;ffffff;26 85 0 0;ffffff;unknown;unknown;unknown;A00498;COMBS-LA-VILLE (GARE RER D)  - BOUSSY-ST-ANTOINE (GARE RER D);;;https://data.iledefrance-mobilites.fr/api/explore/v2.1/catalog/datasets/referentiel-des-lignes/files/4986d38e4084e7990f2721ba8c9c1575;2014-07-16;;active;520520023;partial
C00601;4153;4153;bus;localBus;;1015;Keolis Val d'Yerres Val de Seine;;Val d'Yerres Val de Seine;ff82b4;000000;0 47 11 0;000000;false;unknown;unknown;A00486;MONTGERON (GARE RER)  - MONTGERON (GARE RER);;;https://data.iledefrance-mobilites.fr/api/explore/v2.1/catalog/datasets/referentiel-des-lignes/files/e906f103d2a78ebcaddacc629bb75e21;2014-07-16;;active;520520006;partial
C00602;4120;4120;bus;localBus;;1015;Keolis Val d'Yerres Val de Seine;;Val d'Yerres Val de Seine;6e6e00;000000;14 0 100 11;000000;false;unknown;unknown;A00506;Boussy Saint Antoine (Boussy Gare) - Crosne (Bois Cerdon);;;https://data.iledefrance-mobilites.fr/api/explore/v2.1/catalog/datasets/referentiel-des-lignes/files/8da48862b02f1db2c76ad0e8700f3805;2014-07-16;;active;520520034;partial
C00612;24;24;bus;;;1028;Keolis Roissy Pays de France Ouest;;Roissy Ouest;0064b0;ffffff;100 43 0 31;ffffff;unknown;true;true;A00521;ARNOUVILLE-LES-GONESSE (Villiers-le-Bel RER)  - GONESSE - ARNOUVILLE-LES-GONESSE (Villiers-le-Bel RER);;;;2014-07-16;;active;050050024;partial
C00627;2223;2223;bus;regionalBus;;1002;Transdev Marne-la-Vallée;;Marne-la-Vallée;a0006e;ffffff;26 85 0 0;ffffff;unknown;true;true;A00535;LAGNY-SUR-MARNE (LAGNY SNCF)  - CHESSY (CHESSY Gares);;;;2014-07-16;;active;510510023;partial
C00629;2226;2226;bus;regionalBus;;1002;Transdev Marne-la-Vallée;;Marne-la-Vallée;0a0082;ffffff;100 84 0 0;ffffff;unknown;true;true;A00537;BUSSY-ST-GEORGES (BUSSY RER)  - LAGNY-SUR-MARNE (SNCF);;;;2014-07-16;;active;510510026;partial
C00637;Express 18;18E;bus;expressBus;;1019;Transdev Marne-et-Ourcq;;Meaux et Ourcq;3bb2ff;ffffff;77 30 0 0;ffffff;unknown;unknown;unknown;A00546;MEAUX (GARE SNCF)  - MELUN (GARE SNCF);;;;2014-07-16;;active;511511018;partial
C00640;42;42;bus;localBus;;1010;Keolis Seine et Oise Est;;Poissy - Les Mureaux;82c8e6;000000;44 0 12 0;000000;unknown;true;true;A00549;Meulan-en-Yvelines (Arquebuse) - Poissy (Gare Nord) par Vaux et Triel - Saint-Germain-en-Laye (RER);;;;2014-07-16;;active;534534523;partial
C00641;27;27;bus;;;1010;Keolis Seine et Oise Est;;Poissy - Les Mureaux;d282be;000000;21 38 0 0;000000;unknown;true;true;A00550;VILLENNES-SUR-SEINE - VILLENNES-SUR-SEINE;;;;2014-07-16;;active;534534557;partial
C00667;4516;4516;bus;;;1033;Transdev Cœur Essonne;;Cœur d’Essonne;ffbe00;000000;0 19 100 0;000000;true;true;true;A00574;STE-GENEVIEVE-DES-BOIS (GARE RER)  - VILLIERS-SUR-ORGE (La Seigneurie);;;;2014-07-16;;active;525525206;partial
C00671;4539;4539;bus;;;1033;Transdev Cœur Essonne;;Cœur d’Essonne;a0006e;ffffff;26 85 0 0;ffffff;unknown;true;true;A00577;ST-MICHEL-SUR-ORGE (RER)  - LONGPONT-SUR-ORGE - LINAS;;;;2014-07-16;;active;525525009;partial
C00673;DM10S;DM10S;bus;;;1013;RD Saclay;;Paris Saclay;007e49;ffffff;100 0 42 51;ffffff;unknown;unknown;unknown;A00578;ORSAY (RER)  - LES ULIS - MARCOUSSIS (Zi Fond des Prés);;;;2014-07-16;;active;526526110;unknown
C00682;4550;4550;bus;;;1033;Transdev Cœur Essonne;;Cœur d’Essonne;0055c8;ffffff;100 54 0 0;ffffff;unknown;true;true;A00586;EGLY (Gare RER)  - LA NORVILLE (Collège Camus);;;;2014-07-16;;active;525525020;partial
C00697;6206;6206;bus;localBus;;1034;Transdev Versailles;;Grand Versailles;00643c;ffffff;100 0 29 61;ffffff;true;true;true;A00602;VIROFLAY Gare Rive Gauche - VERSAILLES Satory Mobilab;;;;2014-07-16;;active;528528006;partial
C00709;6285;6285;bus;localBus;;1034;Transdev Versailles;;Grand Versailles;ff82b4;000000;0 47 11 0;000000;unknown;true;true;A00615;GARCHES Mairie - LE CHESNAY-ROCQUENCOURT Hôpital A. Mignot - Les Chênes d'Or;;;;2014-07-16;;active;528528022;true
C00710;6286;6286;bus;localBus;SEASONAL_LINE_TYPE;1034;Transdev Versailles;;Grand Versailles;6e6e00;ffffff;0 0 100 57;ffffff;unknown;true;true;A00617;VAUCRESSON Victor Duret - VAUCRESSON Collège Yves du Manoir;;;;2014-07-16;;active;528528024;true
C00736;18;18;bus;localBus;;1011;RD Mantois;;Mantois;65b659;000000;45 0 51 29;000000;unknown;partial;partial;A00637;OINVILLE SUR MONTCIENT Les Tilleuls - MAGNANVILLE Lycée Senghor;;;;2014-07-16;;active;000535018;unknown
C00755;88A;88A;bus;localBus;;1011;RD Mantois;;Mantois;ffcc30;000000;0 19 90 0;000000;unknown;true;true;A00648;DREUX Gare Routière ou ANET - MANTES LA VILLE Gare Routière;;;;2014-07-16;;active;000535308;unknown
C00762;1230;1230;bus;localBus;;1040;Francilité Seine et Oise;;Cergy-Pontoise Confluence;ff82b4;000000;0 47 11 0;000000;false;true;true;A00655;PONTOISE - CERGY;;;;2014-07-16;;active;059440030;true
C00764;1206;1206;bus;regionalBus;;1040;Francilité Seine et Oise;;Cergy-Pontoise Confluence;82dc73;000000;54 0 54 0;000000;true;true;true;A00657;CERGY (Gare)  - PONTOISE (Général de Gaulle);;;;2014-07-16;;active;059440035;true
C00772;1201;1201;bus;regionalBus;;1040;Francilité Seine et Oise;;Cergy-Pontoise Confluence;a0006e;ffffff;26 85 0 0;ffffff;true;true;true;A00665;PONTOISE (Canrobert)  - CERGY (Lycée Jules Verne);;;;2014-07-16;;active;059440045;true
C00785;1242;1242;bus;localBus;;1040;Francilité Seine et Oise;;Cergy-Pontoise Confluence;a50034;ffffff;26 85 0 0;ffffff;true;true;true;A00674;CERGY (PREFECTURE)  - OSNY (CLINIQUE STE MARIE);;;;2014-07-16;;active;059440060;true
C00787;3405;3405;bus;localBus;;1026;Transdev Pays de Fontainebleau;;Fontainebleau - Moret;77b5fe;ffffff;53 29 0 0;ffffff;unknown;true;true;A00675;AVON (FONTAINEBLEAU)  - HERICY (VULAINES SAMOREAU);;;;2014-07-16;;active;516516012;partial
C00789;3441;3441;bus;localBus;;1026;Transdev Pays de Fontainebleau;;Fontainebleau - Moret;82dc73;000000;54 0 54 0;000000;unknown;true;true;A00676;MONTEREAU-FAUT-YONNE (gare)  - MELUN (gare);;;;2014-07-16;;active;516516041;partial
C00790;3442;3442;bus;localBus;;1026;Transdev Pays de Fontainebleau;;Fontainebleau - Moret;a0006e;ffffff;0 100 46 26;ffffff;unknown;true;true;A00677;SIVRY-COURTRY (Mairie)  - CHAMPAGNE-SUR-SEINE;;;;2014-07-16;;active;516516042;partial
C00792;3445;3445;bus;localBus;;1026;Transdev Pays de Fontainebleau;;Fontainebleau - Moret;a50034;ffffff;0 100 46 26;ffffff;unknown;true;true;A00679;CHARTRETTES - FONTAINEBLEAU;;;;2014-07-16;;active;516516045;partial
C00793;3401;3401;bus;regionalBus;;1026;Transdev Pays de Fontainebleau;;Fontainebleau - Moret;ff1400;ffffff;0 100 94 0;ffffff;unknown;true;true;A00680;AVON (LES BOULEAUX)  - FONTAINEBLEAU (LES LILAS);;;;2014-07-16;;active;516516061;partial
C00794;3404;3404;bus;localBus;;1026;Transdev Pays de Fontainebleau;;Fontainebleau - Moret;82dc73;000000;54 0 54 0;000000;false;true;true;A00682;AVON (GARE ROUTIERE)  - FONTAINEBLEAU (STADE INSEAD);;;;2014-07-16;;active;516516064;partial
C00817;3432;3432;bus;localBus;;1026;Transdev Pays de Fontainebleau;;Fontainebleau - Moret;a50034;ffffff;0 100 46 26;ffffff;false;true;true;A00701;Montmery Villemer <=> Collège Sisley Moret Loing Orvanne;;;;2014-07-16;;active;516516202;partial
C00818;3431;3431;bus;localBus;;1026;Transdev Pays de Fontainebleau;;Fontainebleau - Moret;6e491e;ffffff;0 30 100 54;ffffff;false;true;true;A00702;Pilliers Villecerf <=> Collège Sisley Moret Loing et Orvanne;;;;2014-07-16;;active;516516203;partial
C00823;3543;3543;bus;localBus;;1031;Transdev Vallée du Loing;;Vallée du Loing - Nemours;00643c;ffffff;100 0 83 24;ffffff;unknown;true;true;A00707;BRANSLES (ARISTIDE BRIAND)  - ST-PIERRE-LES-NEMOURS (GARE SNCF);;;;2014-07-16;;active;517517010;partial
C00831;3544;3544;bus;localBus;;1031;Transdev Vallée du Loing;;Vallée du Loing - Nemours;ff1400;ffffff;0 100 94 0;ffffff;false;true;true;A00715;MONTEREAU-FAUT-YONNE (Surville)  - NEMOURS - BOUGLIGNY (Mairie);;;;2014-07-16;;active;517517018;partial
C00840;3779;3779;bus;localBus;;1003;Transdev Senart;;Sénart;82dc73;000000;54 0 54 0;000000;unknown;true;true;A00724;CORBEIL-ESSONNES (LYCEES)  - ST-PIERRE-DU-PERRAY - TIGERY (PETIT SENART);;;;2014-07-16;;active;519519001;false
C00850;3734;3734;bus;regionalBus;;1003;Transdev Senart;;Sénart;ff5a00;000000;0 53 78 0;000000;unknown;true;true;A00732;Savigny le Temple (Savigny le Temple/Nandy Gare RER) - Savigny le Temple (Savigny le Temple/Nandy Gare RER);;;;2014-07-16;;active;519519034;false
C00860;3774;3774;bus;localBus;;1003;Transdev Senart;;Sénart;a0006e;ffffff;26 85 0 0;ffffff;false;true;true;A00741;COMBS-LA-VILLE - COMBS-LA-VILLE;;;;2014-07-16;;active;519519109;false
C00864;3725;3725;bus;localBus;;1003;Transdev Senart;;Sénart;00643c;ffffff;100 24 87 0;ffffff;true;true;true;A00731;Lieusaint/Moissy (Gare RER) - Lieusaint/Moissy (Gare RER);;;;2014-07-16;;active;519519020;false
C00866;3726;3726;bus;localBus;;1003;Transdev Senart;;Sénart;ffbe00;000000;0 19 100 0;000000;false;true;true;A00747;LIEUSAINT (Gare RER)  - LIEUSAINT (Gare RER);;;;2014-07-16;;active;519519128;false
C00875;3604;3604;bus;regionalBus;;1009;Transdev Melun;;Grand Melun;ff1400;ffffff;0 100 94 0;ffffff;true;true;true;A00756;RUBELLES (Centre commercial)  - BOISSISE-LE-ROI (Gare SNCF);;;;2014-07-16;;active;518518020;true
C00882;3605;3605;bus;localBus;;1009;Transdev Melun;;Grand Melun;00643c;ffffff;100 24 87 0;ffffff;true;true;true;A00761;LE MEE-SUR-SEINE (Gare)  - LA ROCHETTE (Rocheton);;;;2014-07-16;;active;518518025;true
C00883;3606;3606;bus;localBus;;1009;Transdev Melun;;Grand Melun;82dc73;000000;54 0 54 0;ffffff;true;true;true;A02509;GARE DU MEE - GARE DE MELUN;;;;2014-07-16;;active;518518125;true
C00885;3610;3610;bus;localBus;;1009;Transdev Melun;;Grand Melun;6e6e00;ffffff;46 33 100 0;ffffff;true;true;true;A02510;GARE DE MELUN - ROND POINT DU BUCHER;;;;2014-07-16;;active;518518100;true
C00886;3656;3656;bus;localBus;;1009;Transdev Melun;;Grand Melun;ff82b4;000000;0 47 11 0;000000;unknown;true;true;A00757;JAVAL - VAUX LE PENIL - NAZARETH - MELUN;;;;2014-07-16;;active;518518121;partial
C00892;3651;3651;bus;localBus;;1009;Transdev Melun;;Grand Melun;ff5a00;000000;0 53 78 0;000000;unknown;true;true;A00696;BEAULIEU - BOISSISE LA BERTRAND - COLLEGE NAZARETH - VOISENON;;;;2014-07-16;;active;518518007;partial
C00900;F;F;bus;regionalBus;;1019;Transdev Marne-et-Ourcq;;Meaux et Ourcq;722671;ffffff;0 67 1 55;ffffff;unknown;unknown;unknown;A00769;NANTEUIL-LES-MEAUX (BRUYERES)  - MEAUX (GARE ROUTIERE);;;;2014-07-16;;active;511511103;partial
C00908;10;10;bus;regionalBus;;1019;Transdev Marne-et-Ourcq;;Meaux et Ourcq;f1c232;000000;0 20 79 5;000000;unknown;unknown;unknown;A00775;CONGIS-SUR-THEROUANNE - VARREDDES - ETREPILLY - MEAUX;;;;2014-07-16;;active;511511010;partial
C00915;M;M;bus;localBus;;1019;Transdev Marne-et-Ourcq;;Meaux et Ourcq;097d3b;ffffff;93 0 53 51;ffffff;unknown;unknown;unknown;A00783;ARMENTIERES-EN-BRIE - TRILPORT;;;;2014-07-16;;active;511511020;partial
C00916;21;21;bus;localBus;;1019;Transdev Marne-et-Ourcq;;Meaux et Ourcq;be4999;ffffff;0 61 19 26;ffffff;unknown;unknown;unknown;A00784;VILLEMAREUIL (Centre)  - BOUTIGNY - NANTEUIL-LES-MEAUX (Chermont Collot);;;;2014-07-16;;active;511511021;partial
C00917;22;22;bus;localBus;;1019;Transdev Marne-et-Ourcq;;Meaux et Ourcq;d2d200;000000;14 0 100 11;000000;unknown;unknown;unknown;A00785;BETZ - MEAUX;;;;2014-07-16;;active;511511022;partial
C00924;34;34;bus;localBus;;1020;Transdev Brie et 2 Morin;;Brie et 2 Morin;dc9600;000000;13 30 90 0;000000;unknown;unknown;unknown;A00792;VERDELOT (Mairie)  - SABLONNIERES - BOITRON - LA FERTE-SOUS-JOUARRE (Gare SNCF);;;;2014-07-16;;active;512512034;true
C00927;40;40;bus;localBus;;1019;Transdev Marne-et-Ourcq;;Meaux et Ourcq;cc0000;ffffff;0 100 100 20;ffffff;unknown;unknown;unknown;A00794;LE PLESSIS-PLACY (Beauval)  - LIZY-SUR-OURCQ (gare S.N.C.F.);;;;2014-07-16;;active;511511040;partial
C00938;53;53;bus;localBus;;1019;Transdev Marne-et-Ourcq;;Meaux et Ourcq;6fa8dc;ffffff;50 24 0 14;ffffff;unknown;unknown;unknown;A00803;OCQUERRE - CROUY-SUR-OURCQ (Collège);;;;2014-07-16;;active;511511053;partial
C00940;54B;54B;bus;localBus;;1019;Transdev Marne-et-Ourcq;;Meaux et Ourcq;a38c57;ffffff;0 14 47 36;ffffff;false;unknown;unknown;A02642;Crouy-sur-Ourcq - La Chaussée <> Crouy-sur-Ourcq - Gare de Crouy-sur-Ourcq;;;;2014-07-16;;active;511511154;partial
C00945;2260;2260;bus;localBus;;1002;Transdev Marne-la-Vallée;;Marne-la-Vallée;3c91dc;ffffff;69 34 0 0;ffffff;unknown;true;true;A00808;QUINCY-VOISINS (RUE DE CRECY)  - CHESSY (RER);;;;2014-07-16;;active;510510060;partial
C00952;73;73;bus;localBus;;1020;Transdev Brie et 2 Morin;;Brie et 2 Morin;ffbe00;000000;0 19 100 0;000000;unknown;unknown;unknown;A00815;BOULEURS - COUILLY-PONT-AUX-DAMES;;;;2014-07-16;;active;512512073;true
C00954;A;A;bus;regionalBus;;1019;Transdev Marne-et-Ourcq;;Meaux et Ourcq;ef4038;ffffff;0 73 77 6;ffffff;true;unknown;unknown;A00817;MEAUX (Service Urbain)  - MEAUX;;;;2014-07-16;;active;511511002;partial
C00957;G;G;bus;regionalBus;;1019;Transdev Marne-et-Ourcq;;Meaux et Ourcq;ceacd2;000000;2 15 0 18;000000;unknown;unknown;unknown;A00821;MEAUX (Meaux Gare Routière)  - MEAUX (Musée de la Grande Guerre);;;;2014-07-16;;active;511511006;partial
C00958;D;D;bus;regionalBus;;1019;Transdev Marne-et-Ourcq;;Meaux et Ourcq;a50034;ffffff;0 100 46 26;ffffff;true;unknown;unknown;A00823;MEAUX (Gare routière)  - MEAUX (Gare routière);;;;2014-07-16;;active;511511008;partial
C00962;4551;4551;bus;;;1033;Transdev Cœur Essonne;;Cœur d’Essonne;3c91dc;ffffff;69 34 0 0;ffffff;unknown;true;true;A00827;BREUILLET (Gare de Breuilet)  - ARPAJON (Lycée Cassin);;;;2014-07-16;;active;525525001;partial
C00963;4552;4552;bus;;;1033;Transdev Cœur Essonne;;Cœur d’Essonne;ff1400;ffffff;0 100 94 0;ffffff;unknown;true;true;A00828;BREUILLET (BREUILLET VILLAGE RER)  - BREUILLET (BREUILLET VILLAGE RER);;;;2014-07-16;;active;525525102;partial
C00970;4440;4440;bus;;;1018;Francilité Ouest Essonne;;Essonne Sud Ouest;5291ce;ffffff;60 30 0 19;ffffff;unknown;unknown;unknown;A00835;ETRECHY (GARE RER)  - ETRECHY (GARE RER);;;;2014-07-16;;active;524524016;partial
C00977;4407;4407;bus;;;1018;Francilité Ouest Essonne;;Essonne Sud Ouest;9b993b;ffffff;0 1 62 39;ffffff;unknown;unknown;unknown;A00842;ST-ESCOBILLE - BOUTERVILLIERS - ETAMPES;;;;2014-07-16;;active;524524107;partial
C00978;4408;4408;bus;;;1018;Francilité Ouest Essonne;;Essonne Sud Ouest;d5c900;000000;0 6 100 16;000000;unknown;unknown;unknown;A00843;ETAMPES - MORIGNY-CHAMPIGNY;;;;2014-07-16;;active;524524008;partial
C00982;4403;4403;bus;;;1018;Francilité Ouest Essonne;;Essonne Sud Ouest;5291ce;ffffff;60 30 0 19;ffffff;unknown;unknown;unknown;A00847;ETAMPES (HOPITAL)  - ETAMPES (HOPITAL);;;;2014-07-16;;active;524524018;partial
C00983;4405;4405;bus;;;1018;Francilité Ouest Essonne;;Essonne Sud Ouest;f3a4ba;000000;0 33 23 5;000000;unknown;unknown;unknown;A00848;ETAMPES (Hopital)  - ETAMPES (Hopital);;;;2014-07-16;;active;524524030;partial
C00986;4271;4271;bus;regionalBus;;1038;TISSE;;Evry Centre Essonne;82dc73;000000;41 0 48 14;000000;false;unknown;unknown;A00850;TIGERY - CORBEIL ESSONNE;;;https://data.iledefrance-mobilites.fr/api/explore/v2.1/catalog/datasets/referentiel-des-lignes/files/502898d0549e13868bd5752bab72c5ab;2014-07-16;;active;070070011;partial
C00987;4232;4232;bus;regionalBus;;1038;TISSE;;Evry Centre Essonne;ff5a00;000000;0 65 100 0;000000;unknown;unknown;unknown;A00851;COURCOURONNES - ETIOLLES - EVRY;;;https://data.iledefrance-mobilites.fr/api/explore/v2.1/catalog/datasets/referentiel-des-lignes/files/643941ad12580a4bdb246599d9c3a0e3;2014-07-16;;active;070070002;partial
C01008;3458;3458;bus;;;1026;Transdev Pays de Fontainebleau;;Fontainebleau - Moret;82c8e6;000000;44 0 12 0;000000;unknown;true;true;A00872;LA CHAPELLE-LA-REINE (GARE ROUTIERE)  - URY (PLACE);;;;2014-07-16;;active;516516108;partial
C01034;73;73;bus;;;1011;RD Mantois;;Mantois;ffcc30;000000;0 19 100 0;000000;unknown;true;true;A00887;VERNON Saint Adjutor - POISSY Peugeot;;;;2014-07-16;;active;000535003;unknown
C01035;74;74;bus;;;1011;RD Mantois;;Mantois;ff5a00;ffffff;0 65 100 0;ffffff;unknown;true;true;A00888;BLARU Eglise - BONNIERES SUR SEINE SNCF ou BREVAL Gare - VERNON Saint Adjutor;;;;2014-07-16;;active;000535004;unknown
C01040;10;10;bus;localBus;;1020;Transdev Brie et 2 Morin;;Brie et 2 Morin;d2d200;000000;0 0 82 18;000000;false;false;false;A00893;MEILLERAY (PLACE)  - COULOMMIERS (CITE SCOLAIRE);;;;2014-07-16;;active;512512010;true
C01044;3120;3120;bus;localBus;;1025;Keolis Portes et Val de Brie;;Pays Briard;87d3df;000000;39 5 0 13;000000;false;true;true;A00897;Verneuil l'Etang (Gare SNCF) - Mormant (Bagneaux);;;https://data.iledefrance-mobilites.fr/api/explore/v2.1/catalog/datasets/referentiel-des-lignes/files/140b67bb8b5e8c4e7c4118b642f1b18d;2014-07-16;;active;513513020;partial
C01045;3124;3124;bus;localBus;;1025;Keolis Portes et Val de Brie;;Pays Briard;f78f4b;000000;0 42 70 3;000000;false;true;true;A00898;ROZAY-EN-BRIE (Lycée La Tour des Dames)  - MELUN (Rue de l'industrie  Gare SNCF);;;https://data.iledefrance-mobilites.fr/api/explore/v2.1/catalog/datasets/referentiel-des-lignes/files/35803b9aaa50bd0f70ff6a1678281fa1;2014-07-16;;active;513513024;partial
C01046;25;25;bus;localBus;;1020;Transdev Brie et 2 Morin;;Brie et 2 Morin;674ea7;ffffff;38 53 0 35;ffffff;true;false;false;A00899;COULOMMIERS (CITE SCOLAIRE)  - CHAILLY-EN-BRIE (LYCEE LA BRETONNIERE);;;;2014-07-16;;active;512512025;true
C01075;24;24;bus;;;100;RATP;;;a0006e;ffffff;0 100 32 37;ffffff;true;true;true;A00929;24;;;;2014-07-16;;active;100100024;false
C01078;28;28;bus;;;100;RATP;;;ff82b4;000000;0 49 29 0;000000;true;true;true;A00932;28;;;;2014-07-16;;active;100100028;partial
C01089;48;48;bus;;;100;RATP;;;0055c8;ffffff;100 57 0 22;ffffff;true;true;true;A00943;48;;;;2014-07-16;;active;100100048;partial
C01094;57;57;bus;;;100;RATP;;;6e6e00;ffffff;0 0 100 57;ffffff;true;true;true;A00948;57;;;;2014-07-16;;active;100100057;false
C01095;58;58;bus;;;100;RATP;;;00643c;ffffff;100 0 37 61;ffffff;true;true;true;A00949;58;;;;2014-07-16;;active;100100058;partial
C01100;64;64;bus;;;100;RATP;;;82dc73;000000;41 0 48 14;000000;true;true;true;A00954;64;;;;2014-07-16;;active;100100064;true
C01104;68;68;bus;;;100;RATP;;;ffbe00;000000;0 25 100 0;000000;true;true;true;A00958;68;;;;2014-07-16;;active;100100068;partial
C01105;69;69;bus;;;100;RATP;;;82c8e6;000000;43 13 0 10;000000;true;true;true;A00959;69;;;;2014-07-16;;active;100100069;false
C01106;70;70;bus;;;100;RATP;;;ff5a00;000000;0 65 100 0;000000;true;true;true;A00960;70;;;;2014-07-16;;active;100100070;false
C01112;80;80;bus;;;100;RATP;;;ff82b4;000000;0 49 29 0;000000;true;true;true;A00966;80;;;;2014-07-16;;active;100100080;partial
C01117;85;85;bus;;;100;RATP;;;6e5b1e;ffffff;0 17 73 57;ffffff;true;true;true;A00971;85;;;;2014-07-16;;active;100100085;partial
C01118;86;86;bus;;;100;RATP;;;ff1400;ffffff;0 92 100 0;ffffff;true;true;true;A00972;86;;;;2014-07-16;;active;100100086;false
C01124;93;93;bus;;;100;RATP;;;82dc73;000000;41 0 48 14;000000;true;true;true;A00978;93;;;;2014-07-16;;active;100100093;false
C01130;101;101;bus;;;100;RATP;;;ffbe00;000000;0 25 100 0;000000;true;true;true;A00985;101;;;;2014-07-16;;active;100100101;false
C01134;105;105;bus;;;100;RATP;;;ff5a00;000000;0 65 100 0;000000;true;true;true;A00989;105;;;;2014-07-16;;active;100100105;partial
C01138;109;109;bus;;;100;RATP;;;d2d200;000000;0 0 100 18;000000;true;true;true;A00993;109;;;;2014-07-16;;active;100100109;false
C01143;114;114;bus;;;100;RATP;;;82dc73;000000;41 0 48 14;000000;true;true;true;A00998;114;;;;2014-07-16;;active;100100114;false
C01144;115;115;bus;;;100;RATP;;;00643c;ffffff;100 0 36 61;ffffff;true;true;true;A00999;115;;;;2014-07-16;;active;100100115;partial
C01163;137;137;bus;;;100;RATP;;;ff5a00;000000;0 65 100 0;000000;true;true;true;A01018;137;;;;2014-07-16;;active;100100137;partial
C01173;148;148;bus;;;100;RATP;;;6e5b1e;ffffff;0 17 73 57;ffffff;true;true;true;A01028;148;;;;2014-07-16;;active;100100148;partial
C01184;162;162;bus;;;100;RATP;;;0055c8;ffffff;100 57 0 22;ffffff;true;true;true;A01041;162;;;;2014-07-16;;active;100100162;false
C01185;163;163;bus;;;100;RATP;;;dc9600;000000;0 32 100 14;000000;true;true;true;A01042;163;;;;2014-07-16;;active;100100163;false
C01193;172;172;bus;;;100;RATP;;;00643c;ffffff;100 0 36 61;ffffff;true;true;true;A01051;172;;;;2014-07-16;;active;100100172;false
C01194;173;173;bus;;;100;RATP;;;0055c8;ffffff;100 57 0 22;ffffff;true;true;true;A01052;173;;;;2014-07-16;;active;100100173;false
C01196;175;175;bus;;;100;RATP;;;0055c8;ffffff;100 57 0 22;ffffff;true;true;true;A01054;175;;;;2014-07-16;;active;100100175;false
C01205;184;184;bus;;;100;RATP;;;dc9600;000000;0 32 100 14;000000;true;true;true;A01063;184;;;;2014-07-16;;active;100100184;false
C01212;191;191;bus;;;100;RATP;;;ff82b4;000000;0 49 29 0;000000;true;true;true;A01070;191;;;;2014-07-16;;active;100100191;false
C01213;192;192;bus;;;100;RATP;;;82dc73;000000;41 0 48 14;000000;true;true;true;A01071;192;;;;2014-07-16;;active;100100192;true
C01220;203;203;bus;;;100;RATP;;;ff82b4;000000;0 49 29 0;000000;true;true;true;A01078;203;;;;2014-07-16;;active;100100203;false
C01221;206;206;bus;;;100;RATP;;;6e5b1e;ffffff;0 17 73 57;ffffff;true;true;true;A01079;206;;;;2014-07-16;;active;100100206;true
C01242;250;250;bus;;;100;RATP;;;a0006e;ffffff;0 100 32 37;ffffff;true;true;true;A01100;250;;;;2014-07-16;;active;100100250;false
C01243;251;251;bus;;;100;RATP;;;ff1400;ffffff;0 92 100 0;ffffff;true;true;true;A01101;251;;;;2014-07-16;;active;100100251;true
C01244;252;252;bus;;;100;RATP;;;ff0000;000000;0 100 100 0;000000;true;true;true;A01102;252;;;;2014-07-16;;active;100100252;false
C01246;255;255;bus;;;100;RATP;;;6e6e00;ffffff;0 0 100 57;ffffff;true;true;true;A01105;255;;;;2014-07-16;;active;100100255;false
C01252;269;269;bus;;;100;RATP;;;ff5a00;000000;0 65 100 0;000000;unknown;true;true;A01112;269;;;;2014-07-16;;active;100100269;false
C01257;276;276;bus;;;100;RATP;;;ff0000;000000;0 100 100 0;000000;true;true;true;A01117;276;;;;2014-07-16;;active;100100276;false
C01262;285;285;bus;;;100;RATP;;;a0006e;ffffff;0 100 32 37;ffffff;false;true;true;A01122;285;;;;2014-07-16;;active;100100285;partial
C01270;297;297;bus;;;100;RATP;;;a0006e;ffffff;0 100 32 37;ffffff;true;true;true;A01130;297;;;;2014-07-16;;active;100100297;true
C01280;317;317;bus;;;100;RATP;;;d2d200;000000;0 0 100 18;000000;true;true;true;A01139;317;;;;2014-07-16;;active;100100317;false
C01282;319;319;bus;;;100;RATP;;;00643c;ffffff;100 0 38 61;ffffff;true;true;true;A01141;319;;;;2014-07-16;;active;100100319;true
C01283;320;320;bus;;;100;RATP;;;ffbe00;000000;0 25 100 0;000000;true;true;true;A01142;320;;;;2014-07-16;;active;100100320;false
C01287;323;323;bus;;;100;RATP;;;d2d200;000000;0 0 100 18;000000;true;true;true;A01145;323;;;;2014-07-16;;active;100100323;false
C01289;330;330;bus;;;100;RATP;;;ffbe00;000000;0 25 100 0;000000;true;true;true;A01147;330;;;;2014-07-16;;active;100100330;false
C01302;355;355;bus;;;100;RATP;;;640082;ffffff;23 100 0 49;ffffff;true;true;true;A01159;355;;;;2014-07-16;;active;100100355;false
C01319;394;394;bus;;;100;RATP;;;640082;ffffff;23 100 0 49;ffffff;true;true;true;A01179;394;;;;2014-07-16;;active;100100394;false
C01327;488;488;bus;;;100;RATP;;;0055c8;ffffff;100 57 0 22;ffffff;true;true;true;A01774;488;;;;2014-07-16;;active;100100488;false
C01330;La Traverse Bièvre Montsouris;BIEVRES;bus;;;100;RATP;;;bb4d98;ffffff;0 59 18 27;ffffff;true;false;false;A01201;513 (Traverse Bièvre - Montsouris);;;;2014-07-16;;active;100100513;false
C01331;TILLBUS;TILLBUS;bus;;;100;RATP;;;c5a3ca;000000;2 19 0 21;000000;unknown;true;true;A01210;515 (TILLBUS);;;;2014-07-16;;active;100100515;false
C01332;La Traverse Batignolles-Bichat;BATIGNO;bus;;;100;RATP;;;67328e;ffffff;27 65 0 45;ffffff;true;true;true;A01718;518 (Traverse Batignolles-Bichat);;;;2014-07-16;;active;100100518;false
C01347;V4;V4;bus;;;100;RATP;;;67328e;ffffff;27 65 0 45;ffffff;true;false;false;A01237;562 (Valouette v4);;;;2014-07-16;;active;100100562;false
C01349;564;564;bus;;;100;RATP;;;0055c8;ffffff;100 57 0 22;ffffff;true;true;true;A01232;564 - Navette Jonchère Malmaison;;;;2014-07-16;;active;100100564;false
C01356;RIVER PLAZA;RIVER;bus;;;100;RATP;;;de8b53;000000;0 37 63 13;000000;true;true;true;A01223;577 (River Plaza);;;;2014-07-16;;active;100100577;false
C01362;V5;V5;bus;;;100;RATP;;;328e5b;ffffff;65 0 35 45;ffffff;true;false;false;A01238;584 (Valouette V5);;;;2014-07-16;;active;100100584;false
C01372;2;2;metro;;;100;RATP;;;0055c8;ffffff;100 54 0 0;ffffff;false;unknown;unknown;A01535;2;;;https://data.iledefrance-mobilites.fr/api/explore/v2.1/catalog/datasets/referentiel-des-lignes/files/cdaa0aa338d1acbd2e9d31fe21fc6eb7;2014-07-16;;active;100110002;true
C01373;3;3;metro;;;100;RATP;;;6e6e00;ffffff;46 33 100 0;ffffff;false;unknown;unknown;A01536;3;;;https://data.iledefrance-mobilites.fr/api/explore/v2.1/catalog/datasets/referentiel-des-lignes/files/418ea5fcc3bf22ac253c1aafcd531684;2014-07-16;;active;100110003;false
C01379;9;9;metro;;;100;RATP;;;b6bd00;000000;4 0 100 26;000000;false;unknown;unknown;A01542;9;;;https://data.iledefrance-mobilites.fr/api/explore/v2.1/catalog/datasets/referentiel-des-lignes/files/5fe858163d92581d16bcab8aba61f26a;2014-07-16;;active;100110009;true
C01391;T3a;T3a;tram;;;100;RATP;;;ff7e2e;000000;0 51 82 0;000000;true;unknown;unknown;A01193;T3a;;;https://data.iledefrance-mobilites.fr/api/explore/v2.1/catalog/datasets/referentiel-des-lignes/files/9c354f0b1b03a22f88e6890606c961df;2014-07-16;;active;100112013;true
C01395;N44;N44;bus;nightBus;;100;RATP;;;82dc73;000000;41 0 48 14;000000;true;true;true;A01246;N44;;;;2014-07-16;;active;100987754;false
C01399;N33;N33;bus;nightBus;;100;RATP;;;ff5a00;ffffff;0 65 100 0;ffffff;unknown;true;true;A01250;N33;;;;2014-07-16;;active;100987758;false
C01407;N22;N22;bus;nightBus;;100;RATP;;;ffbe00;000000;0 25 100 0;000000;unknown;true;true;A01258;N22;;;;2014-07-16;;active;100987768;false
C01409;N53;N53;bus;nightBus;;100;RATP;;;82dc73;000000;41 0 48 14;000000;true;true;true;A01260;N53;;;;2014-07-16;;active;100987770;false
C01410;N71;N71;bus;nightBus;;100;RATP;;;a0006e;ffffff;0 100 32 37;ffffff;true;true;true;A01261;N71;;;;2014-07-16;;active;100987771;false
C01420;N12;N12;bus;nightBus;;100;RATP;;;dc9600;000000;0 32 100 14;000000;unknown;true;true;A01271;N12;;;;2014-07-16;;active;100987785;false
C01421;N122;N122;bus;nightBus;;1037;Transdev Sud Yvelines;;Centre et Sud Yvelines;3c91dc;ffffff;73 34 0 14;ffffff;unknown;true;true;A01272;N122;;;;2014-07-16;;active;530987122;false
C01422;N153;N153;bus;nightBus;;1021;Transdev Boucle des Lys;;Saint Germain Boucles de Seine;ed262a;ffffff;0 88 82 7;ffffff;true;true;true;A01273;N153;;;;2014-07-16;;active;532987153;false
C01423;1;1;bus;;;101;STBC;;Apolo 7;f9dc00;000000;0 12 100 2;000000;false;unknown;unknown;A01274;CHELLES (Rond-Point des Sciences)  - CHELLES (Gare SNCF/RER);;;;2014-07-16;;active;101261020;false
C01428;40;40;bus;localBus;;1011;RD Mantois;;Mantois;eb2132;ffffff;0 100 94 0;ffffff;unknown;partial;partial;A01282;Circuit urbain AUBERGENVILLE ELISABETHVILLE;;;;2014-07-16;;active;000535040;unknown
C01432;Filéo Goussainville (sur réservation);Filéo GSV;bus;demandAndResponseBus;;1028;Keolis Roissy Pays de France Ouest;;Roissy Ouest;cec92b;000000;0 2 79 19;000000;unknown;false;false;A00245;Filéo goussainville - Goussainville - Roissypole;Réservation obligatoire;Réserver votre trajet par téléphone au 01.74.37.24.77 ou en ligne via notre site internet www.fileo.com ou téléchargez notre application Fileo.;;2014-07-16;;active;116295003;partial
C01441;3306;3306;bus;localBus;;1027;Francilité Pays de Montereau;;Pays de Montereau;f78f4b;000000;0 42 70 3;000000;unknown;true;true;A01295;MISY-SUR-YONNE (gare de montereau)  - MONTEREAU-FAUT-YONNE (place des erables);;;;2014-07-16;;active;208208014;unknown
C01443;3302;3302;bus;localBus;;1027;Francilité Pays de Montereau;;Pays de Montereau;cec92b;000000;0 2 79 19;000000;unknown;true;true;A01297;MONTEREAU-FAUT-YONNE (GARE SNCF)  - VARENNES-SUR-SEINE (BREAU CENTRE COMMERCIAL);;;;2014-07-16;;active;208208020;unknown
C01446;3435;3435;bus;localBus;;1026;Transdev Pays de Fontainebleau;;Fontainebleau - Moret;a0006e;ffffff;26 85 0 0;ffffff;false;true;true;A01300;Cité Montézin Moret Loing et Orvanne <=> Gare Moret Veneux les Sablons;;;;2014-07-16;;active;516516205;partial
C01450;3433;3433;bus;localBus;;1026;Transdev Pays de Fontainebleau;;Fontainebleau - Moret;ffbe50;000000;0 19 100 0;000000;false;true;true;A01304;Gare Moret Loing Orvanne <=> Gare Champagne sur Seine;;;;2014-07-16;;active;516516308;partial
C01452;3240;3240;bus;localBus;;1030;Francilité Grand Provinois;;Provinois - Brie et Seine;f49fb3;000000;0 47 11 0;000000;false;false;false;A01306;FONTAINE-FOURCHES (Place Mérot) - PROVINS (Gare Routière);;;;2014-07-16;;active;514514129;unknown
C01456;3201;3201;bus;regionalBus;;1030;Francilité Grand Provinois;;Provinois - Brie et Seine;00b297;ffffff;52 0 54 0;ffffff;unknown;false;false;A01306;FONTAINE-FOURCHES (Place Mérot) - PROVINS (Gare Routière);;;;2014-07-16;;active;514514101;unknown
C01473;2;2;bus;localBus;;1012;Keolis Argenteuil Boucles de Seine;;Argenteuil - Boucles de Seine;8ce39c;ffffff;38 0 31 11;ffffff;unknown;unknown;unknown;A01313;MAISONS-LAFFITTE  - ST-GERMAIN-EN-LAYE;;;;2014-07-16;;active;000533102;partial
C01476;6;6;bus;localBus;;1012;Keolis Argenteuil Boucles de Seine;;Argenteuil - Boucles de Seine;82c8e6;000000;44 0 12 0;000000;true;unknown;unknown;A01316;Maisons Laffitte - Mesnil-Le-Roi;;;;2014-07-16;;active;000533106;partial
C01485;459;459;bus;;;100;RATP;;;ff1400;ffffff;0 92 100 0;ffffff;true;true;true;A01195;459;;;;2014-07-16;;active;100100459;false
C01489;6216;6216;bus;localBus;;1034;Transdev Versailles;;Grand Versailles;640082;ffffff;75 100 0 0;ffffff;false;true;true;A01329;LOUVECIENNES (GARE)  - LOUVECIENNES (VILLE);;;;2014-07-16;;active;528528106;false
C01493;6280;6280;bus;localBus;;1034;Transdev Versailles;;Grand Versailles;3c91dc;ffffff;69 34 0 0;ffffff;false;true;true;A01333;LOUVECIENNES (GARE SNCF)  - RUEIL-MALMAISON (DANIELOU);;;;2014-07-16;;active;528528038;true
C01494;3407;3407;bus;;;1026;Transdev Pays de Fontainebleau;;Fontainebleau - Moret;ffbe50;000000;0 19 100 0;000000;unknown;true;true;A02831;Avon Gare <=> La Brunette Samois sur Seine;;;;2014-07-16;;active;516516001;partial
C01495;4531;4531;bus;regionalBus;;1033;Transdev Cœur Essonne;;Cœur d’Essonne;ff1400;ffffff;0 100 100 0;ffffff;true;true;true;A01337;BRETIGNY-SUR-ORGE (Maison neuve CC)  - ST-MICHEL-SUR-ORGE (Chemin de Brétigny);;;;2014-07-16;;active;525525201;partial
C01499;7704;7704;bus;expressBus;;1030;Francilité Grand Provinois;;Provinois - Brie et Seine;3bb2ff;000000;77 30 0 0;000000;unknown;false;partial;A01340;MELUN (GARE rue de l'industrie)  - PROVINS (GARE SNCF);;;;2014-07-16;;active;514514047;unknown
C01504;3261;3261;bus;localBus;;1030;Francilité Grand Provinois;;Provinois - Brie et Seine;9b9842;ffffff;19 0 100 33;ffffff;unknown;false;partial;A01345;NANGIS (LYCEE)  - MONTEREAU-FAUT-YONNE (GARE SNCF);;;;2014-07-16;;active;514514006;unknown
C01508;3212;3212;bus;regionalBus;;1030;Francilité Grand Provinois;;Provinois - Brie et Seine;c4a4cc;000000;21 38 0 0;000000;unknown;false;partial;A01349;PROVINS (GARE ROUTIERE)  - SOURDUN (CASERNE);;;;2014-07-16;;active;514514012;unknown
C01510;3214;3214;bus;regionalBus;;1030;Francilité Grand Provinois;;Provinois - Brie et Seine;dfaf47;000000;0 19 88 13;000000;unknown;false;partial;A01351;VILLIERS-ST-GEORGES (MAIRIE)  - TOURNAN-EN-BRIE (RER);;;;2014-07-16;;active;514514014;unknown
C01518;3207;3207;bus;regionalBus;;1030;Francilité Grand Provinois;;Provinois - Brie et Seine;7ac597;000000;54 0 54 0;000000;unknown;false;partial;A01361;PROVINS (GARE SNCF)  - PROVINS (GARE SNCF);;;;2014-07-16;;active;514514122;unknown
C01519;3209;3209;bus;regionalBus;;1030;Francilité Grand Provinois;;Provinois - Brie et Seine;8ad3de;ffffff;44 0 12 0;ffffff;unknown;false;partial;A01361;PROVINS (GARE SNCF)  - PROVINS (GARE SNCF);;;;2014-07-16;;active;514514123;unknown
C01521;5134;5134;bus;regionalBus;;1023;Francilité Saint-Quentin-en-Yvelines;;Saint-Quentin-en-Yvelines;00643c;ffffff;100 0 83 24;ffffff;unknown;unknown;unknown;A01362;VERSAILLES (Versailles Rive Gauche Gare)  - MAUREPAS (village);;;;2014-07-16;;active;529529401;partial
C01522;5121;5121;bus;localBus;;1023;Francilité Saint-Quentin-en-Yvelines;;Saint-Quentin-en-Yvelines;ff82b4;000000;0 47 11 0;000000;unknown;unknown;unknown;A02686;MAUREPAS Grand’Mare – GUYANCOURT Technocentre;;;;2014-07-16;;active;529529403;true
C01528;5105;5105;bus;regionalBus;;1023;Francilité Saint-Quentin-en-Yvelines;;Saint-Quentin-en-Yvelines;ff1400;ffffff;0 100 94 0;ffffff;true;true;true;A01368;LE MESNIL-ST-DENIS (PLACE DU MESNIL)  - BOIS-D'ARCY (MELIES-CROIX BONNET);;;;2014-07-16;;active;529529415;partial
C01531;5106;5106;bus;regionalBus;;1023;Francilité Saint-Quentin-en-Yvelines;;Saint-Quentin-en-Yvelines;a0006e;ffffff;26 85 0 0;ffffff;true;true;true;A01371;TRAPPES ( Gare)  - PLAISIR (zi Les Gatines);;;;2014-07-16;;active;529529418;partial
C01541;5150;5150;bus;regionalBus;;1023;Francilité Saint-Quentin-en-Yvelines;;Saint-Quentin-en-Yvelines;82dc73;000000;54 0 54 0;000000;true;true;true;A01379;MONTIGNY-LE-BRETONNEUX (SAINT QUENTIN GARE)  - GUYANCOURT (JARDIN DES GOGOTTES);;;;2014-07-16;;active;529529467;partial
C01553;95-11;95-11;bus;regionalBus;;1007;Transdev Vexin;;Vexin;e43f8e;000000;0 65 34 11;000000;unknown;unknown;unknown;A01398;AINCOURT (CENTRE HOSPITALIER)  - MANTES-LA-JOLIE (GARE);;;;2014-07-16;;active;501501011;true
C01554;95-41;95-41;bus;regionalBus;;1007;Transdev Vexin;;Vexin;0055c8;000000;100 58 0 22;000000;unknown;unknown;unknown;A01399;MAGNY-EN-VEXIN (STOC)  - PONTOISE (HOPITAL);;;;2014-07-16;;active;501501041;true
C01555;95-42;95-42;bus;localBus;;1007;Transdev Vexin;;Vexin;82c8e6;000000;43 13 0 10;000000;unknown;unknown;unknown;A01400;MAGNY-EN-VEXIN (Gare Routière)  - HAUTE-ISLE (Lapin savant);;;;2014-07-16;;active;501501042;true
C01560;95-47;95-47;bus;localBus;SEASONAL_LINE_TYPE;1007;Transdev Vexin;;Vexin;00643c;ffffff;100 0 37 61;ffffff;unknown;unknown;unknown;A01405;ST-CYR-EN-ARTHIES (place)  - BRAY-ET-LU (Collège);;;;2014-07-16;;active;501501047;true
C01565;4504;4504;bus;expressBus;;1033;Transdev Cœur Essonne;;Cœur d’Essonne;ff1400;ffffff;0 100 94 0;ffffff;true;true;true;A01411;ARPAJON - BRETIGNY-SUR-ORGE - EVRY;;;;2014-07-16;;active;525525004;partial
C01566;EXPRESS 91-05;91-05;bus;expressBus;;1013;RD Saclay;;Paris Saclay;3bb2ff;ffffff;77 30 0 0;ffffff;unknown;unknown;true;A01412;EVRY - PALAISEAU (GARE MASSY-PALAISEAU);;;;2014-07-16;;active;526526105;unknown
C01567;91-06;91-06;bus;expressBus;;1013;RD Saclay;;Paris Saclay;3bb2ff;000000;77 30 0 0;000000;true;true;true;A01413;Massy (Massy Palaiseau Gare RER B) - Saclay (Christ de Saclay);;;;2014-07-16;;active;526526106;unknown
C01569;EXPRESS 91-08;91-08;bus;expressBus;;1013;RD Saclay;;Paris Saclay;3bb2ff;000000;77 30 0 0;000000;unknown;unknown;true;A01415;LES ULIS - VELIZY-VILLACOUBLAY;;;;2014-07-16;;active;526526208;unknown
C01578;607;607;bus;regionalBus;;1024;Transdev Nord Seine-Saint-Denis;;Terres d'Envol;f28e43;000000;0 41 72 5;000000;false;true;true;A01424;LA COURNEUVE (Place du 8 mai 45)  - VILLEPINTE (Vert Galant RER);;;;2014-07-16;;active;507507607;partial
C01579;609;609;bus;regionalBus;;1024;Transdev Nord Seine-Saint-Denis;;Terres d'Envol;c04191;ffffff;0 66 24 25;ffffff;true;true;true;A01425;Villepinte (Gare de Villepinte) - Aubervilliers (Fort d'Aubervilliers);;;;2014-07-16;;active;507507609;partial
C01585;617;617;bus;localBus;;1024;Transdev Nord Seine-Saint-Denis;;Terres d'Envol;f3a4ba;000000;0 32 23 5;000000;true;true;true;A01431;AULNAY-SOUS-BOIS (Gare R.E.R.)  - VILLEPINTE (RER);;;;2014-07-16;;active;507507617;partial
C01589;623;623;bus;localBus;;293;TRA;;Seine-Saint-Denis;98d4e2;000000;33 7 0 11;000000;false;true;true;A01435;SEVRAN (Sevran-Livry R.E.R.)  - GAGNY ( Gagny RER);;;;2014-07-16;;active;293193623;false
C01600;C;C;bus;regionalBus;;1011;RD Mantois;;Mantois;006fb6;ffffff;100 54 0 0;ffffff;true;partial;partial;A01452;MANTES LA JOLIE Port Fouquet - MANTES LA JOLIE Gare Routière;;;;2014-07-16;;active;000535203;unknown
C01602;E;E;bus;regionalBus;;1011;RD Mantois;;Mantois;f58f53;000000;0 53 78 0;000000;unknown;partial;partial;A01454;MANTES LA VILLE Saint Etienne - MANTES LA VILLE Gare Routière;;;;2014-07-16;;active;000535005;unknown
C01605;K;K;bus;regionalBus;;1011;RD Mantois;;Mantois;f49fb3;000000;0 47 11 0;000000;unknown;partial;partial;A02209;K BUCHELAY René Renault - LIMAY Lycée CONDORCET ou J (soirée) MANTES LA VILLE Gare Routière - BUCHELAY René Renault;;;;2016-12-23;;active;000535031;unknown
C01606;M;M;bus;regionalBus;;1011;RD Mantois;;Mantois;e0af47;000000;0 19 88 13;000000;true;partial;partial;A01458;MANTES LA VILLE Domaine de la Vallée  - BUCHELAY Béarn;;;;2014-07-16;;active;000535012;unknown
C01616;4201;4201;bus;;;1038;TISSE;;Evry Centre Essonne;d282be;000000;0 38 10 18;000000;true;unknown;unknown;A01466;CORBEIL-ESSONNES (Gare RER)  - ST-MICHEL-SUR-ORGE (Rue Berlioz);;;https://data.iledefrance-mobilites.fr/api/explore/v2.1/catalog/datasets/referentiel-des-lignes/files/3b166d85bf2e041e5d5aad7504e2ab56;2014-07-16;;active;400400401;partial
C01620;4241;4241;bus;;;1038;TISSE;;Evry Centre Essonne;0055c8;ffffff;100 58 0 22;ffffff;true;unknown;unknown;A01470;RIS-ORANGIS (BOIS DE L'EPINE RER)  - CORBEIL-ESSONNES (HOPITAL);;;https://data.iledefrance-mobilites.fr/api/explore/v2.1/catalog/datasets/referentiel-des-lignes/files/e3bda43363f542a2495d8c24338bd7d2;2014-07-16;;active;400400405;partial
C01622;4202;4202;bus;;;1038;TISSE;;Evry Centre Essonne;82c8e6;000000;43 13 0 10;000000;true;unknown;unknown;A01472;EVRY (Les Aunettes)  - RIS-ORANGIS (Gare de Ris-Orangis Val de Ris);;;https://data.iledefrance-mobilites.fr/api/explore/v2.1/catalog/datasets/referentiel-des-lignes/files/d7608c97b1d323a0630162e985fbd14f;2014-07-16;;active;400400407;partial
C01624;4244;4244;bus;;;1038;TISSE;;Evry Centre Essonne;82dc73;000000;41 0 48 14;000000;true;unknown;unknown;A01474;FLEURY-MEROGIS (Clément Ader)  - VILLABE (Centre Commercial);;;https://data.iledefrance-mobilites.fr/api/explore/v2.1/catalog/datasets/referentiel-des-lignes/files/4bea5eef248a1698591c86788fbdc981;2014-07-16;;active;400400409;partial
C01635;N151;N151;bus;nightBus;;1011;RD Mantois;;Mantois;cec92a;000000;0 3 80 19;000000;false;partial;partial;A01484;N151 - NOCTILIEN - Paris Gare St-Lazare - Mantes-la-Jolie;;;;2014-07-16;;active;000535151;unknown
C01641;N152;N152;bus;nightBus;;1007;Transdev Vexin;;Vexin;ed1b2a;ffffff;0 89 82 7;ffffff;false;unknown;unknown;A01488;N152 - NOCTILIEN - Paris Gare St-Lazare - Cergy le Haut;;;;2014-07-16;;active;800987011;false
C01643;N135;N135;bus;nightBus;;1015;Keolis Val d'Yerres Val de Seine;;Val d'Yerres Val de Seine;00814f;ffffff;100 0 39 49;ffffff;true;true;true;A01496;N135 - NOCTILIEN - Villeneuve-St-Georges - Corbeil-Essonnes;;;https://data.iledefrance-mobilites.fr/api/explore/v2.1/catalog/datasets/referentiel-des-lignes/files/ca0971dd587e91158f1e0ad31a7033ef;2014-07-16;;active;800987013;partial
C01644;N143;N143;bus;nightBus;;1028;Keolis Roissy Pays de France Ouest;;Roissy Ouest;5191cd;ffffff;60 29 0 20;ffffff;true;true;true;A01491;N143 - NOCTILIEN - Paris Gare de l'Est - Tremblay-En-France (Aeroport CDG);;;;2014-07-16;;active;800987014;partial
C01654;S4;S4;bus;;;1013;RD Saclay;;Paris Saclay;d073a1;000000;0 44 22 19;000000;false;unknown;unknown;A02382;PALAISEAU - ORSAY - VILLEBON;;;;2014-07-16;;active;526526026;unknown
C01668;5197;5197;bus;localBus;;1023;Francilité Saint-Quentin-en-Yvelines;;Saint-Quentin-en-Yvelines;00643c;ffffff;100 0 83 24;ffffff;unknown;true;true;A00458;MONTIGNY LE BRETONNEUX Collège Saint-François d’Assise – CHATEAUFORT Place;;;;2014-07-16;;active;529529107;true
C01689;6184;6184;bus;;;1017;Keolis Vélizy Vallée de la Bièvre;;Vélizy Vallées;640082;ffffff;75 100 0 0;ffffff;false;unknown;unknown;A02310;Saint-Rémy-les-Chevreuse - Magny-les-Hameaux / Buc Etablissement scolaire LFA-MLK;;;;2014-07-16;;active;527527039;partial
C01690;6179;6179;bus;;;1017;Keolis Vélizy Vallée de la Bièvre;;Vélizy Vallées;6e6e00;ffffff;19 0 100 33;ffffff;false;unknown;unknown;A02311;Châteaufort – Versailles / Buc Etablissement scolaire LFA-MLK;;;;2014-07-16;;active;527527140;partial
C01691;6180;6180;bus;;;1017;Keolis Vélizy Vallée de la Bièvre;;Vélizy Vallées;6e6e00;ffffff;19 0 100 33;ffffff;false;unknown;unknown;A02311;Châteaufort – Versailles / Buc Etablissement scolaire LFA-MLK;;;;2014-07-16;;active;527527140;partial
C01692;6181;6181;bus;;;1017;Keolis Vélizy Vallée de la Bièvre;;Vélizy Vallées;00a092;ffffff;82 0 54 0;ffffff;false;unknown;unknown;A02311;Châteaufort – Versailles / Buc Etablissement scolaire LFA-MLK;;;;2014-07-16;;active;527527140;partial
C01695;247;247;bus;;;100;RATP;;;ff5a00;000000;0 65 100 0;000000;true;true;true;A01762;247;;;;2014-07-16;;active;100100247;true
C01699;4622;4622;bus;;;1013;RD Saclay;;Paris Saclay;cec73d;000000;0 3 70 19;000000;true;true;true;A02962;Massy-Ulis via Courtaboeuf - RRB Courtaboeuf;;;;2014-07-16;;active;526526025;unknown
C01700;6164;6164;bus;;;1017;Keolis Vélizy Vallée de la Bièvre;;Vélizy Vallées;3c91dc;ffffff;69 34 0 0;ffffff;unknown;unknown;unknown;A01769;VERSAILLES Gare des Chantiers - BUC - JOUY EN JOSAS Gare;;;;2014-07-16;;active;527527264;partial
C01706;4574;4574;bus;localBus;;1033;Transdev Cœur Essonne;;Cœur d’Essonne;a50034;ffffff;5 100 48 22;ffffff;unknown;true;true;A00079;STE-GENEVIEVE-DES-BOIS (GARE RER)  - STE-GENEVIEVE-DES-BOIS (L SAMPAIX);;;;2014-07-16;;active;525525094;true
C01715;13A;13A;bus;localBus;;1020;Transdev Brie et 2 Morin;;Brie et 2 Morin;1f97d4;ffffff;85 29 0 17;ffffff;unknown;unknown;unknown;A00778;CRECY-LA-CHAPELLE (mairie)  - MAGNY-LE-HONGRE - BAILLY-ROMAINVILLIERS - ESBLY (SNCF);;;;2014-07-16;;active;512512013;true
C01716;13B;13B;bus;localBus;;1020;Transdev Brie et 2 Morin;;Brie et 2 Morin;6fa8dc;ffffff;50 24 0 14;ffffff;unknown;unknown;unknown;A02613;CRECY-LA-CHAPELLE (mairie)  - MAGNY-LE-HONGRE - BAILLY-ROMAINVILLIERS - ESBLY (SNCF);;;;2014-07-16;;active;512512113;true
C01717;8;8;bus;;;101;STBC;;Apolo 7;8c5e23;ffffff;0 33 75 45;ffffff;false;unknown;unknown;A01514;OD: Vaires sur Marne (Gare de Vaires Torcy) - Chelles (Gare de Chelles Gournay);;;;2014-07-16;;active;101261028;false
C01721;5307;5307;bus;;;1037;Transdev Sud Yvelines;;Centre et Sud Yvelines;00b397;ffffff;14 0 1 31;000000;unknown;false;false;A00428;ORSAY (GARE RER)  - ST-ARNOULT-EN-YVELINES (FOSSE AUX CHEVAUX);;;;2014-07-16;;active;530530007;false
C01729;E;E;rail;local;;800;SNCF;;RER;b94e9a;ffffff;26 85 0 0;ffffff;false;unknown;unknown;A01843;RER E;;;https://data.iledefrance-mobilites.fr/api/explore/v2.1/catalog/datasets/referentiel-des-lignes/files/dc5bd03a80dd0c1637c29dd4a38b14bf;2014-07-16;;active;800805091;unknown
C01739;J;J;rail;suburbanRailway;;800;SNCF;;Transilien;cec73d;000000;14 0 100 11;000000;false;unknown;unknown;A01852;Transilien J;;;https://data.iledefrance-mobilites.fr/api/explore/v2.1/catalog/datasets/referentiel-des-lignes/files/62e9b7ac99c792f4b7ec85b226ad008e;2014-07-16;;active;800854041;unknown
C01740;L;L;rail;suburbanRailway;;800;SNCF;;Transilien;c4a4cc;000000;21 38 0 0;000000;false;unknown;unknown;A02176;Transilien L;;;https://data.iledefrance-mobilites.fr/api/explore/v2.1/catalog/datasets/referentiel-des-lignes/files/ae6ca077709c1256ae09d9954aa8ece8;2014-07-16;;active;800854042;unknown
C01747;TER Grand-Est;TER;rail;regionalRail;;800;SNCF;;TER;aaaaaa;000000;0 0 0 33;000000;unknown;unknown;unknown;A02170;TER Grand-Est (Ligne P);;;;2014-07-16;;active;800870001;unknown
C01763;4554;4554;bus;localBus;;1033;Transdev Cœur Essonne;;Cœur d’Essonne;0055c8;ffffff;100 54 0 0;ffffff;false;true;true;A00076;MAROLLES-EN-HUREPOIX (Gare)  - MAROLLES-EN-HUREPOIX (Gare);;;;2014-07-16;;active;525525022;partial
C01772;6230;6230;bus;;;1034;Transdev Versailles;;Grand Versailles;00a092;ffffff;82 0 54 0;ffffff;false;true;true;A01324;Celle St Cloud (Gare) - Rueil Malmaison (Gare);;;;2014-07-16;;active;528528030;partial
C01773;34;34;bus;localBus;;1010;Keolis Seine et Oise Est;;Poissy - Les Mureaux;d282be;000000;21 38 0 0;ffffff;unknown;unknown;unknown;A01831;Desserte interne de Poissy;;;;2014-07-16;;active;534534564;partial
C01784;4;4;bus;regionalBus;;1010;Keolis Seine et Oise Est;;Poissy - Les Mureaux;a50034;ffffff;5 100 48 22;ffffff;unknown;true;true;A00123;LES MUREAUX (GARE) - LES MUREAUX (MUSICIENS);;;;2014-09-22;;active;534534504;partial
C01787;95-31;95-31;bus;localBus;;1007;Transdev Vexin;;Vexin;d978ff;000000;15 53 0 0;000000;unknown;unknown;unknown;A02143;Marines (Ces Hautiers) - Arronville;;;;2014-09-22;;active;501501031;true
C01788;95-32;95-32;bus;localBus;;1007;Transdev Vexin;;Vexin;ff3399;000000;0 80 40 0;000000;unknown;unknown;unknown;A02144;Marines (Ces Hautiers) - Berville;;;;2014-09-22;;active;501501032;true
C01789;95-33;95-33;bus;localBus;;1007;Transdev Vexin;;Vexin;00ffb3;000000;100 0 30 0;000000;unknown;unknown;unknown;A02145;;;;;2014-09-22;;active;501501033;true
C01791;95-35;95-35;bus;localBus;;1007;Transdev Vexin;;Vexin;ffa61a;000000;0 35 90 0;000000;unknown;unknown;unknown;A02147;Moussy - Marines;;;;2014-09-22;;active;501501035;true
C01794;T6;T6;tram;;;100;RATP;;;e2231a;ffffff;0 85 89 11;ffffff;true;unknown;unknown;A02149;T6;;;https://data.iledefrance-mobilites.fr/api/explore/v2.1/catalog/datasets/referentiel-des-lignes/files/db63e7a26e27fc64926c696fe5d5a950;2014-11-25;;active;100112016;true
C01796;2B;2B;bus;localBus;;1011;RD Mantois;;Mantois;7ac597;ffffff;82 0 54 0;ffffff;unknown;true;true;A00626;2A BONNIERES SUR SEINE Centre Social - MANTES LA JOLIE Gare ou 2B FRENEUSE Ventines - MANTES LA JOLIE Gare ou 2C FRENEUSE Ventines - ROSNY SUR SEINE Collège Sully;;;;2014-11-25;;active;000535002;unknown
C01812;4316;4316;bus;localBus;;1016;Keolis Val d'Essonne Deux Vallées;;Essonne Sud Est;640082;ffffff;75 100 0 0;ffffff;false;unknown;unknown;A02924;Lardy - La Ferté-Alais;;;;2015-01-22;;active;531531016;partial
C01833;D;D;bus;localBus;;334;Autocars Dominique;;Paris-Saclay Mobilités;0077ba;ffffff;100 36 0 27;ffffff;false;unknown;unknown;A01781;ABCDE;;;;2015-06-03;;active;111591204;unknown
C01843;T4;T4;tram;;;1042;STRETTO;;;dfaf47;000000;0 19 88 13;000000;true;unknown;unknown;A01761;T4;;;https://data.iledefrance-mobilites.fr/api/explore/v2.1/catalog/datasets/referentiel-des-lignes/files/c370af8b5511d975ebb6d62b5dc1b10f;2015-06-05;;active;800850009;true
C01845;N;N;bus;;REPLACEMENT_LINE_TYPE;800;SNCF;;Transilien;00b297;ffffff;82 0 54 0;ffffff;false;unknown;unknown;A01847;Transilien N;;;https://data.iledefrance-mobilites.fr/api/explore/v2.1/catalog/datasets/referentiel-des-lignes/files/78201d213a8fc22a54bd4bb3e26cc339;2015-06-05;;active;800852551;unknown
C01864;TER Hauts-de-France Bus;TER;bus;;REPLACEMENT_LINE_TYPE;800;SNCF;;;aaaaaa;000000;0 0 0 33;000000;false;unknown;unknown;A02181;TER Hauts-de-France (Ligne K);;;;2015-06-05;;active;800873506;unknown
C01868;6240;6240;bus;;;1034;Transdev Versailles;;Grand Versailles;ff82b4;000000;0 47 11 0;000000;unknown;true;true;A02159;VERSAILLES - FONTENAY-LE-FLEURY;;;;2015-08-18;;active;528528040;partial
C01874;5288;5288;bus;;;1037;Transdev Sud Yvelines;;Centre et Sud Yvelines;8e6539;ffffff;0 84 65 40;ffffff;true;false;false;A02158;SAINT-NOM-LA-BRETECHE - BUC (Lycée franco-allemand);;;;2015-08-19;;active;530530307;false
C01878;30-07;30-07;bus;localBus;;1041;Francilité Val Parisis;;Val Parisis;a84839;ffffff;0 73 65 38;ffffff;true;unknown;unknown;A00383;HERBLAY (GARE)  - HERBLAY (BUTTES BLANCHES);;;;2015-08-31;;active;030030007;unknown
C01904;L;L;bus;;;334;Autocars Dominique;;Paris-Saclay Mobilités;a74fff;ffffff;35 69 0 0;ffffff;false;unknown;unknown;A01788;L;;;;2015-12-04;;active;333591008;unknown
C01949;A;A;bus;regionalBus;;1011;RD Mantois;;Mantois;eb2132;ffffff;0 100 94 0;ffffff;true;partial;partial;A02208;ROSNY SUR SEINE Gare SNCF - LIMAY Fosses Rouges;;;;2016-08-02;;active;000535030;unknown
C01950;4532;4532;bus;localBus;;1033;Transdev Cœur Essonne;;Cœur d’Essonne;0055c8;ffffff;100 54 0 0;ffffff;true;true;true;A01338;BRETIGNY-SUR-ORGE (Breche aux loups)  - BRETIGNY-SUR-ORGE (Bois de Vetille);;;;2016-08-29;;active;525525302;partial
C01973;3537;3537;bus;;;1031;Transdev Vallée du Loing;;Vallée du Loing - Nemours;6e491e;ffffff;0 30 100 54;ffffff;false;true;true;A02919;HERICY - BAGNEAUX SUR LOING;;;;2016-09-12;;active;517517117;partial
C01978;4433;4433;bus;localBus;;1018;Francilité Ouest Essonne;;Essonne Sud Ouest;d5c900;000000;0 6 100 16;000000;false;unknown;unknown;A02447;Lardy - Gare de Bouray -Étréchy - Gare d'Etrechy;;;;2016-09-12;;active;524524323;partial
C01979;R;R;bus;localBus;;1011;RD Mantois;;Mantois;b94e9a;ffffff;26 85 0 0;ffffff;unknown;partial;partial;A02210;ROSNY SUR SEINE Gare - ROSNY SUR SEINE Gare;;;;2016-09-12;;active;000535011;unknown
C01985;5240;5240;bus;localBus;;1037;Transdev Sud Yvelines;;Centre et Sud Yvelines;662d91;ffffff;45 42 0 25;ffffff;false;true;true;A02204;VILLIERS-LE-MAHIEU - JOUARS-PONTCHARTRAIN;;;;2016-08-29;;active;530530040;false
C01987;5245;5245;bus;localBus;;1037;Transdev Sud Yvelines;;Centre et Sud Yvelines;662d91;ffffff;45 45 0 22;ffffff;false;true;true;A02200;ARNOUVILLE-LES-MANTES - MONTFORT-L'AMAURY;;;;2016-08-29;;active;530530045;false
C01991;5298;5298;bus;localBus;;1037;Transdev Sud Yvelines;;Centre et Sud Yvelines;662d91;ffffff;45 45 0 45;ffffff;false;true;true;A02205;MONTFORT L'AMAURY - COIGNIERES;;;;2016-08-29;;active;530530061;false
C01993;48;48;bus;localBus;;1020;Transdev Brie et 2 Morin;;Brie et 2 Morin;f085b5;000000;0 45 24 6;000000;false;unknown;unknown;A00799;CITRY - MERY-SUR-MARNE - NANTEUIL-SUR-MARNE - SAACY-SUR-MARNE;;;;2016-09-28;;active;512512048;true
C01996;4B;4B;bus;localBus;;1019;Transdev Marne-et-Ourcq;;Meaux et Ourcq;d5a6bd;000000;0 22 11 16;000000;false;unknown;unknown;A02649;Quincy-Voisins - Ségy <> Esbly - Collège Louis Braille;;;;2016-09-28;;active;511511304;partial
C02015;2235;2235;bus;localBus;;1002;Transdev Marne-la-Vallée;;Marne-la-Vallée;d282be;000000;21 38 0 0;000000;false;true;true;A02255;CHESSY RER - BAILLY-ROMAINVILLIERS;;;;2017-07-12;;active;510510035;partial
C02030;Soirée Louvres;Soir;bus;demandAndResponseBus;;1028;Keolis Roissy Pays de France Ouest;;Roissy Ouest;662583;ffffff;22 72 0 49;ffffff;false;false;false;A02235;LOUVRES (RER) - LOUVRES;Bus Soirée;"Pas besoin de réserver !
1- A la gare à l’horaire prévu, je monte dans le bus.
2- Je valide mon titre de transport.
3- J’indique au conducteur mon arrêt de descente.
4- Le conducteur adapte son itinéraire en fonction des demandes";;2017-11-13;;active;506506008;partial
C02031;3514;3514;bus;localBus;;1031;Transdev Vallée du Loing;;Vallée du Loing - Nemours;ffbe00;000000;0 19 100 0;000000;false;true;true;A00709;BOUGLIGNY (THIERSANVILLE)  - AVON (JACQUES DURAND CES LA VALLEE);;;;2017-11-13;;active;517517012;partial
C02066;4416;4416;bus;;;1018;Francilité Ouest Essonne;;Essonne Sud Ouest;8d5e2a;ffffff;0 33 70 45;ffffff;false;unknown;unknown;A02438;Méréville - Montreau - Étampes - HLM Bas;;;;2018-01-16;;active;524524316;partial
C02070;03B;03B;bus;localBus;;1020;Transdev Brie et 2 Morin;;Brie et 2 Morin;dc9600;000000;13 30 90 0;000000;false;false;false;A02625;COULOMMIERS (gare sncf) - MEAUX (gare routière);;;;2018-01-18;;active;512512103;true
C02088;3129;3129;bus;localBus;;1025;Keolis Portes et Val de Brie;;Pays Briard;e0b03b;ffffff;0 21 74 12;ffffff;false;true;true;A00907;NANGIS (COLLEGE BARTHELEMY)  - ROZAY-EN-BRIE (LYCEE LA TOUR DES DAMES);;;https://data.iledefrance-mobilites.fr/api/explore/v2.1/catalog/datasets/referentiel-des-lignes/files/d1081d0b148dbc04bb3d8721eea3c72a;2018-02-07;;active;513513034;partial
C02092;643;643;bus;localBus;;293;TRA;;Seine-Saint-Denis;f28e43;000000;0 41 72 5;000000;false;true;true;A02287;TREMBLAY-EN-FRANCE (Vert Galant) - GAGNY (Chesnay-Gagny RER);;;;2018-02-15;;active;293193643;false
C02096;02D;02D;bus;localBus;;1020;Transdev Brie et 2 Morin;;Brie et 2 Morin;e46c0a;000000;0 52 96 11;000000;false;false;false;A02622;VILLENEUVE-LE-COMTE (MAIRIE) - COULOMMIERS (CITE SCOLAIRE);;;;2018-02-22;;active;512512302;true
C02097;02E;02E;bus;localBus;;1020;Transdev Brie et 2 Morin;;Brie et 2 Morin;e46c0a;000000;0 52 96 11;000000;false;false;false;A02623;VILLENEUVE-LE-COMTE (MAIRIE) - COULOMMIERS (CITE SCOLAIRE);;;;2018-02-22;;active;512512402;true
C02117;09B;09B;bus;localBus;;1020;Transdev Brie et 2 Morin;;Brie et 2 Morin;783f04;ffffff;0 48 97 53;ffffff;false;false;false;A02627;REBAIS (COLLEGE JACQUES PREVERT) - COULOMMIERS (CITE SCOLAIRE);;;;2018-03-27;;active;512512109;true
C02120;3126;3126;bus;localBus;;1025;Keolis Portes et Val de Brie;;Pays Briard;ed1c2a;ffffff;0 88 82 7;ffffff;false;true;true;A00903;TOURNAN-EN-BRIE (GARE SNCF)  - MELUN (PLACE DE L'ERMITAGE);;;https://data.iledefrance-mobilites.fr/api/explore/v2.1/catalog/datasets/referentiel-des-lignes/files/5e2b954a23a5efff49d23164653f7b38;2018-03-27;;active;513513030;partial
C02148;S1;S1;bus;localBus;;1012;Keolis Argenteuil Boucles de Seine;;Argenteuil - Boucles de Seine;a38c57;ffffff;0 14 47 36;ffffff;false;unknown;unknown;A00312;SARTROUVILLE (Gare RER/SNCF)  - REUIL-MALMAISON (Gare);;;;2018-05-18;;active;000533007;partial
C02150;F;F;bus;localBus;;1012;Keolis Argenteuil Boucles de Seine;;Argenteuil - Boucles de Seine;82c8e6;000000;44 0 12 0;000000;false;unknown;unknown;A02260;VESINET-LE PECQ (RER) - MONTESSON (LA TOUR);;;;2018-05-18;;active;000533109;partial
C02159;3421;3421;bus;localBus;;1026;Transdev Pays de Fontainebleau;;Fontainebleau - Moret;0a0082;ffffff;100 84 0 0;ffffff;false;true;true;A00691;ST-FARGEAU-PONTHIERRY (baticop)  - AVON (Lycée Uruguay);;;;2018-07-13;;active;516516021;partial
C02160;32S;32S;bus;localBus;;1020;Transdev Brie et 2 Morin;;Brie et 2 Morin;38761d;ffffff;53 0 75 54;ffffff;false;unknown;unknown;A02615;CHARLY-SUR-MARNE (Poste) - LA FERTE-SOUS-JOUARRE (Gare SNCF);;;;2018-07-13;;active;512512132;true
C02164;34;34;bus;;;1028;Keolis Roissy Pays de France Ouest;;Roissy Ouest;9bcda4;000000;24 0 20 20;000000;false;true;true;A02245;LE THILLAY Avenue Bocquet - GONESSE Collège Philippe Auguste;;;;2018-07-13;;active;014014034;partial
C02166;12 ZI;12 ZI;bus;;;1028;Keolis Roissy Pays de France Ouest;;Roissy Ouest;5191cd;ffffff;60 29 0 20;ffffff;false;true;true;A02252;Goussainville RER D - ZAE Robert Moinon (circuit);;;;2018-07-13;;active;506506120;partial
C02175;5187;5187;bus;;;1023;Francilité Saint-Quentin-en-Yvelines;;Saint-Quentin-en-Yvelines;82dc73;000000;54 0 54 0;000000;false;unknown;unknown;A02685;THIVERVAL-GRIGNON Rd des Grignon – PLAISIR CLG Apollinaire;;;;2018-07-13;;active;529529117;true
C02180;T1B;T1B;bus;;REPLACEMENT_LINE_TYPE;100;RATP;;;0055c8;ffffff;100 57 0 22;ffffff;false;true;true;A01191;T1;;;;2018-08-01;2027-12-31;active;100100933;unknown
C02201;9111;9111;bus;expressBus;;1036;Francilité Express Ouest;;Lignes Île-de-France Ouest;3c91dc;ffffff;69 34 0 0;ffffff;false;true;true;A02297;Massy Palaiseau RER – Montigny le Bretonneux;;;https://data.iledefrance-mobilites.fr/api/explore/v2.1/catalog/datasets/referentiel-des-lignes/files/868b5c1774387c42088b4cbd35e44e09;2018-08-22;2030-12-31;active;291191011;unknown
C02207;71;71;bus;;;1020;Transdev Brie et 2 Morin;;Brie et 2 Morin;f04a72;ffffff;0 69 53 6;ffffff;false;unknown;unknown;A02299;COULOMMES Mairie - CRECY LA CHAPELLE Collège Mon Plaisir;;;;2018-11-16;;active;512512071;true
C02209;3659;3659;bus;;;1009;Transdev Melun;;Grand Melun;d282be;000000;21 38 0 0;000000;unknown;true;true;A00766;SEINE-PORT (LA CHESNAY)  - MELUN (3 HORLOGES);;;;2018-11-16;;active;518518054;partial
C02219;6252;6252;bus;localBus;;1034;Transdev Versailles;;Grand Versailles;82dc73;000000;54 0 54 0;000000;unknown;true;true;A00859;ST-CYR-L'ECOLE (Gare SNCF)  - ST-CYR-L'ECOLE (Gare SNCF);;;;2018-11-27;;active;528528102;false
C02221;4309;4309;bus;;;1016;Keolis Val d'Essonne Deux Vallées;;Essonne Sud Est;a50034;ffffff;5 100 48 22;ffffff;true;unknown;unknown;A02355;GARE DE MENNECY - LE COUDRAY-MONTCEAUX ZAC DES HAIES BLANCHES;;;;2018-11-27;;active;531531209;partial
C02224;S9;S9;bus;;;1013;RD Saclay;;Paris Saclay;c20069;ffffff;0 100 46 24;ffffff;unknown;unknown;unknown;A01407;LES ULIS (CENTRE COMMERCIAL ULIS 2)  - JOUY-EN-JOSAS (GARE DE JOUY-EN JOSAS);;;;2019-01-07;;active;526526102;unknown
C02229;Qs;Qs;bus;;;1019;Transdev Marne-et-Ourcq;;Meaux et Ourcq;b6d7a8;000000;15 0 22 16;000000;unknown;unknown;unknown;A02646;Armentière-en-Brie - Château du Vignois <> Trilport - Collège Bois de l'Enclumes;;;;2019-01-17;;active;511511402;partial
C02234;N;N;bus;;;1019;Transdev Marne-et-Ourcq;;Meaux et Ourcq;17a79c;000000;86 0 7 35;000000;unknown;unknown;unknown;A02304;Meaux Gare - Meaux Gare par PAPM;;;;2019-01-21;;active;511511110;partial
C02237;Es;Es;bus;;;1019;Transdev Marne-et-Ourcq;;Meaux et Ourcq;ff9900;000000;0 40 100 0;000000;unknown;unknown;unknown;A02638;Villenoy - Les Patios Intérieurs <> Meaux - Collège Frot;;;;2019-01-21;;active;511511013;partial
C02243;25;25;bus;;;100;RATP;;;ff1400;ffffff;0 92 100 0;ffffff;true;true;true;A02313;IVRY-SUR-SEINE (Rue du Port à l’Anglais) - PARIS (Bibliothèque François Mitterrand);;;;2019-03-01;;active;100100025;partial
C02265;T'bus 1;T'bus 1;bus;regionalBus;;1024;Transdev Nord Seine-Saint-Denis;;Terres d'Envol;e3051b;ffffff;0 98 88 11;ffffff;unknown;true;true;A00199;Tremblay en France (Marronniers) -Zone aéroportuaire (Aéroport CDG 1 RER B);;;;2019-09-02;;active;507507091;partial
C02267;T'bus 3;T'bus 3;bus;localBus;;1024;Transdev Nord Seine-Saint-Denis;;Terres d'Envol;0064b0;ffffff;100 43 0 31;ffffff;unknown;true;true;A02463;VERT GALANT CIRCULAIRE;;;;2019-09-02;;active;507507090;partial
C02268;Bus de substitution du métro 6;BUSM6;bus;;REPLACEMENT_LINE_TYPE;100;RATP;1035;;6eca97;000000;45 0 25 21;000000;unknown;true;true;A01539;6;;;https://data.iledefrance-mobilites.fr/api/explore/v2.1/catalog/datasets/referentiel-des-lignes/files/11ba6d8a602ec0780fe8c01aa58b542d;2019-08-08;;active;100100924;unknown
C02272;3661;3661;bus;;;1009;Transdev Melun;;Grand Melun;dc9600;000000;13 30 90 0;000000;unknown;true;true;A02515;HOTEL DE VILLE FLORELITES SAINT - FARGEAU - PONTHIERRY - LYCEE JOLIOT CURIE - DAMMARIE - LES - LYS;;;;2019-08-26;;active;518518051;partial
C02277;3424;3424;bus;;;1026;Transdev Pays de Fontainebleau;;Fontainebleau - Moret;ffbe50;000000;0 19 100 0;000000;unknown;true;true;A02334;SAINT MARTIN EN BIERE - MELUN;;;;2019-08-26;;active;516516014;partial
C02279;3423;3423;bus;;;1026;Transdev Pays de Fontainebleau;;Fontainebleau - Moret;00643c;ffffff;100 0 83 24;ffffff;unknown;true;true;A02826;Piscine Saint Fargeau Ponthierry <=> Jacques Durand Avon;;;;2019-08-26;;active;516516023;partial
C02282;3613;3613;bus;;;1009;Transdev Melun;;Grand Melun;82dc73;000000;54 0 54 0;000000;unknown;true;true;A02336;RUBELLES - MELUN;;;;2019-08-26;;active;518518088;true
C02287;3425;3425;bus;;;1026;Transdev Pays de Fontainebleau;;Fontainebleau - Moret;82dc73;000000;54 0 54 0;000000;unknown;true;true;A02829;Fay Chailly en Bière <=> Collège Perthes;;;;2019-08-28;;active;516516115;partial
C02290;3426;3426;bus;;;1026;Transdev Pays de Fontainebleau;;Fontainebleau - Moret;ffbe50;000000;0 19 100 0;000000;unknown;true;true;A02828;Longues Raies Saint Martin en Bière <=> Collège Perthes;;;;2019-08-29;;active;516516113;partial
C02294;3216;3216;bus;;;1030;Francilité Grand Provinois;;Provinois - Brie et Seine;b94e9a;ffffff;26 85 0 0;ffffff;false;false;partial;A01355;NANGIS (GARE SNCF)  - NANGIS (GARE SNCF);;;;2019-09-13;;active;514514051;unknown
C02296;4456;4456;bus;;;1018;Francilité Ouest Essonne;;Essonne Sud Ouest;d282be;000000;21 38 0 0;000000;unknown;unknown;unknown;A02436;Villeconin - Dourdan;;;;2019-10-07;;active;524524068;partial
C02297;4458;4458;bus;;;1018;Francilité Ouest Essonne;;Essonne Sud Ouest;9b993b;ffffff;0 1 62 39;ffffff;unknown;unknown;unknown;A02437;Sermaise - Dourdan;;;;2019-10-07;;active;524524069;partial
C02298;2245;2245;bus;;;1002;Transdev Marne-la-Vallée;;Marne-la-Vallée;dc9650;000000;0 20 89 24;000000;true;true;true;A02350;GARE BUSSY SAINT GEORGES - FERRIERES EN BRIE - GARE BUSSY SAINT GEORGES;;;;2019-11-04;;active;510510027;partial
C02311;3144;3144;bus;regionalBus;;1025;Keolis Portes et Val de Brie;;Pays Briard;f59eb3;000000;0 36 27 4;000000;false;true;true;A02337;FEROLLES - OZOIR LA FERRIERE;;;https://data.iledefrance-mobilites.fr/api/explore/v2.1/catalog/datasets/referentiel-des-lignes/files/9dc74683acc16838d607a88c8a5528c2;2020-01-06;;active;513513200;partial
C02363;Corbeil - La Ferté Alais;BUS SNCF;bus;;;800;SNCF;;Transilien;aaaaaa;000000;0 0 0 33;000000;unknown;unknown;unknown;A01729;Corbeil - La Ferté Alais;;;;2020-06-30;;active;800851832;unknown
C02382;S2;S2;bus;;;1013;RD Saclay;;Paris Saclay;54aee3;ffffff;63 23 0 11;ffffff;false;unknown;unknown;A02382;PALAISEAU - ORSAY - VILLEBON;;;;2020-07-15;;active;526526026;unknown
C02383;TàD 4596 Cœur d'Essonne;TàD 4596;bus;demandAndResponseBus;;1033;Transdev Cœur Essonne;;Cœur d’Essonne;a0006e;ffffff;26 85 0 0;ffffff;false;false;false;A02379;TAD ARPAJON - MAROLLES-EN-HUREPOIX;Réservation obligatoire;"Réserver sur : 
L'Appli TàD Île-de-France Mobilités
Le site internet tad.idfmobilites.fr
Par téléphone au 09 70 80 96 63 (Du lundi au vendredi, de 9h à 18h)";;2020-06-01;;active;525525106;true
C02395;EXPRESS 9114;9114;bus;regionalBus;;1033;Transdev Cœur Essonne;;Cœur d’Essonne;3c91dc;ffffff;69 34 0 0;ffffff;unknown;true;true;A00593;PARIS-14 (PTE ORLEANS)  - ARPAJON (Porte d'Etampes);;;;2020-08-31;;active;525525104;partial
C02399;4579;4579;bus;;;1033;Transdev Cœur Essonne;;Cœur d’Essonne;d282be;000000;21 38 0 0;000000;unknown;true;true;A00577;ST-MICHEL-SUR-ORGE (RER)  - LONGPONT-SUR-ORGE - LINAS;;;;2020-08-31;;active;525525099;partial
C02401;34S3;34S3;bus;localBus;;1020;Transdev Brie et 2 Morin;;Brie et 2 Morin;dc9600;000000;13 30 90 0;000000;false;unknown;unknown;A02618;VERDELOT (Mairie) - SABLONNIERES - BOITRON - LA FERTE-SOUS-JOUARRE (Gare SNCF);;;;2014-07-16;;active;512512334;true
C02403;DM152S;DM152S;bus;;;1013;RD Saclay;;Paris Saclay;85c28e;000000;31 0 27 24;000000;unknown;true;true;A00594;LONGJUMEAU (Collège Picasso)  - SAULX-LES-CHARTREUX (le Rocher de Saulx);;;;2021-01-04;;active;526526202;unknown
C02423;M;M;bus;localBus;;334;Autocars Dominique;;Paris-Saclay Mobilités;80ff00;000000;50 0 100 0;000000;unknown;unknown;unknown;A01781;ABCDE;;;;2019-01-01;;active;111591208;unknown
C02424;N;N;bus;localBus;;334;Autocars Dominique;;Paris-Saclay Mobilités;00a1e6;000000;100 30 0 10;000000;unknown;unknown;unknown;A01781;ABCDE;;;;2019-01-01;;active;111591209;unknown
C02432;3254;3254;bus;localBus;;1030;Francilité Grand Provinois;;Provinois - Brie et Seine;006fb6;ffffff;100 54 0 0;ffffff;unknown;false;partial;A01342;PROVINS (GARE ROUTIERE)  - ESTERNAY (PLACE DE L'EGLISE);;;;2014-07-16;;active;514514118;unknown
C02435;3247;3247;bus;localBus;;1030;Francilité Grand Provinois;;Provinois - Brie et Seine;8d653d;ffffff;0 30 100 54;ffffff;unknown;false;partial;A01354;PROVINS (VILLE HAUTE)  - NANGIS (LYCEE HENRI BECQUEREL);;;;2014-07-16;;active;514514126;unknown
C02439;K;K;bus;;;334;Autocars Dominique;;Paris-Saclay Mobilités;41a776;ffffff;61 0 29 35;ffffff;unknown;unknown;unknown;A01787;K;;;;2021-05-28;;active;333591007;unknown
C02446;5371;5371;bus;localBus;;1037;Transdev Sud Yvelines;;Centre et Sud Yvelines;f78f4b;000000;0 33 44 5;ffffff;unknown;true;true;A02322;MAULES - VERSAILLES RIVE DROITE;;;;2021-06-29;;active;530530217;false
C02460;TàD 4597 Cœur d'Essonne;TàD 4597;bus;demandAndResponseBus;;1033;Transdev Cœur Essonne;;Cœur d’Essonne;ff5a00;ffffff;0 53 78 0;ffffff;unknown;unknown;unknown;A02378;TAD BREUILLET - ARPAJON;Réservation obligatoire;"3 possibilités pour réserver :
L’application TAD Ile-de-France Mobilités
Le site Internet de TAD https://tad.idfmobilites.fr/
Le n° vert 09 70 80 96 63 (du L au V de 9h à 18h, sauf les jours fériés)";;2020-06-02;;active;525525107;true
C02466;TàD 4591 Cœur d'Essonne;TàD 4591;bus;demandAndResponseBus;;1033;Transdev Cœur Essonne;;Cœur d’Essonne;d282be;000000;21 38 0 0;000000;unknown;false;false;A02535;GARE DE BRETIGNY-SUR-ORGE - MONTLHERY COLLEGE PAUL FORT;Réservation obligatoire;"3 possibilités pour réserver :
L’application TAD Ile-de-France Mobilités
Le site Internet de TAD https://tad.idfmobilites.fr/
Le n° vert 09 70 80 96 63 (du L au V de 9h à 18h, sauf les jours fériés)";;2020-11-16;;active;525525600;true
C02478;6185;6185;bus;;;1017;Keolis Vélizy Vallée de la Bièvre;;Vélizy Vallées;a0006e;ffffff;26 85 0 0;ffffff;unknown;unknown;unknown;A00048;Versailles (Gare Versailles Chantiers) - Vélizy Villacoublay (Base Aérienne 107);;;;2022-07-04;;active;527527033;partial
C02482;6288;6288;bus;localBus;;1034;Transdev Versailles;;Grand Versailles;d282be;000000;21 38 0 0;000000;unknown;true;true;A00115;Noisy-le-Roi (Cimetière) - Montigny-le-Bretonneux (Gare routière Paul Delouvrier);;;;2022-08-11;;active;528528077;true
C02499;Z;Z;bus;;;334;Autocars Dominique;;Paris-Saclay Mobilités;f3be27;ffffff;0 22 84 5;ffffff;unknown;unknown;unknown;A02593;Gare de Lozère - marché du Pileu (Palaiseau);;;;2022-08-16;;active;100591601;unknown
C02501;U;U;bus;;;334;Autocars Dominique;;Paris-Saclay Mobilités;0e8344;ffffff;89 0 48 49;ffffff;unknown;unknown;unknown;A02595;Les Ulis (circulaire);;;;2022-08-16;;active;100591603;unknown
C02506;Soirée Yerres Sud;Soir;bus;demandAndResponseBus;;1015;Keolis Val d'Yerres Val de Seine;;Val d'Yerres Val de Seine;652c8f;ffffff;16 39 0 44;ffffff;unknown;unknown;unknown;A02352;TAD Crosnes/ Yerres/ Brunoy/ Boussy Saint Antoine/ Quincy sous Sénart;;;;2022-08-22;;active;520520027;partial
C02514;Bus de substitution du métro 4;BUSM4;bus;;REPLACEMENT_LINE_TYPE;100;RATP;1035;;a0006e;000000;0 100 24 19;000000;unknown;true;true;A01537;4;;;https://data.iledefrance-mobilites.fr/api/explore/v2.1/catalog/datasets/referentiel-des-lignes/files/827ff49af57d362f6a7c5f2d1022528c;2022-09-26;;active;100100704;unknown
C02518;3112;3112;bus;;;1025;Keolis Portes et Val de Brie;;Pays Briard;78c696;000000;39 0 24 22;000000;unknown;unknown;unknown;A00013;OZOIR-LA-FERRIERE (RER)  - TOURNAN-EN-BRIE (RER);;;https://data.iledefrance-mobilites.fr/api/explore/v2.1/catalog/datasets/referentiel-des-lignes/files/2e581513980c2b6607887d75833463c1;2023-01-01;;active;513513111;partial
C02527;Bus de substitution du métro 2;BUSM2;bus;;REPLACEMENT_LINE_TYPE;100;RATP;1035;;0055c8;ffffff;100 54 0 0;ffffff;unknown;true;true;A01535;2;;;;2023-01-03;;active;100100702;unknown
C02533;Bus de substitution du métro 8;BUSM8;bus;;REPLACEMENT_LINE_TYPE;100;RATP;1035;;e19bdf;000000;0 31 1 12;000000;unknown;true;true;A01541;8;;;;2023-02-22;;active;100100708;unknown
C02536;95;95;bus;;;1010;Keolis Seine et Oise Est;;Poissy - Les Mureaux;82c8e6;000000;44 0 12 0;000000;unknown;true;true;A02706;ECQUEVILLY Clos des Bois - POISSY Peugeot;;;;2023-04-09;;active;534534595;partial
C02549;53;53;bus;;;1010;Keolis Seine et Oise Est;;Poissy - Les Mureaux;0055c8;ffffff;100 54 0 0;ffffff;unknown;true;true;A02556;Triel-sur-Seine (La Chapelle) - Chanteloup - Poissy (Le Corbusier);;;;2023-04-09;;active;534534604;partial
C02563;74;74;bus;;;1010;Keolis Seine et Oise Est;;Poissy - Les Mureaux;00a092;ffffff;82 0 54 0;ffffff;unknown;true;true;A02570;Conflans-Ste-Honorine (Gare de Fin d'Oise) - Andrésy (Collège Saint Exupéry);;;;2023-04-09;;active;534534625;partial
C02568;6;6;bus;;;1010;Keolis Seine et Oise Est;;Poissy - Les Mureaux;d282be;000000;21 38 0 0;000000;unknown;true;true;A02543;Les Mureaux (Hauts du Grand Ouest) - Les Mureaux (Nouvelle France);;;;2023-04-09;;active;534534512;partial
C02575;TàD Montereau Nord;TàD;bus;demandAndResponseBus;;1027;Francilité Pays de Montereau;;Pays de Montereau;ffcd03;000000;0 20 99 0;000000;unknown;unknown;unknown;A02428;TAD Montereau zone 2;Réservation obligatoire;"Réservez :
- Sur l'appli TàD IDFM
- Sur le site tad.iledefrance-mobilites.fr
- Au téléphone au 01 64 70 41 80";;2023-07-01;;active;515515032;unknown
C02576;TàD Montereau Centre;TàD;bus;demandAndResponseBus;;1027;Francilité Pays de Montereau;;Pays de Montereau;ffcd00;000000;0 20 99 0;000000;unknown;unknown;unknown;A02429;TAD Montereau zone 3;Réservation obligatoire;"Réservez :
- Sur l'appli TàD IDFM
- Sur le site tad.iledefrance-mobilites.fr
- Au téléphone au 01 64 70 41 80";;2023-07-01;;active;515515033;unknown
C02577;TàD Montereau Sud;TàD;bus;demandAndResponseBus;;1027;Francilité Pays de Montereau;;Pays de Montereau;ffcd03;000000;0 20 99 0;000000;unknown;unknown;unknown;A02430;TAD Montereau zone 4;Réservation obligatoire;"Réservez :
- Sur l'appli TàD IDFM
- Sur le site tad.iledefrance-mobilites.fr
- Au téléphone au 01 64 70 41 80";;2023-07-01;;active;515515034;unknown
C02580;Soirée Montereau Sud;Soir;bus;demandAndResponseBus;;1027;Francilité Pays de Montereau;;Pays de Montereau;662d91;ffffff;30 69 0 43;ffffff;unknown;unknown;unknown;A02717;Bus de soirée MONTEREAU-FAULT-YONNE GARE - MONTEREAU-FAULT-YONNE (sud);;;;2023-07-31;;active;515515701;unknown
C02597;T12;T12;bus;;REPLACEMENT_LINE_TYPE;800;SNCF;;Transilien;a50034;ffffff;5 100 48 22;ffffff;unknown;unknown;unknown;A02708;T12;;;https://data.iledefrance-mobilites.fr/api/explore/v2.1/catalog/datasets/referentiel-des-lignes/files/9582f3df81d6e524d3a9065224cb75ca;2023-11-23;;active;800854012;unknown
C02601;R121;R121;bus;;;1028;Keolis Roissy Pays de France Ouest;;Roissy Ouest;81c491;000000;34 0 26 23;000000;unknown;true;true;A02725;Ligne R121 - FOSSES- Collège Stendhal/ Lycée Baudelaire - SURVILLIERS- Les Grands Prés;;;;2023-07-01;;active;506506921;partial
C02607;4347;4347;bus;;;1016;Keolis Val d'Essonne Deux Vallées;;Essonne Sud Est;00a092;ffffff;82 0 54 0;ffffff;unknown;unknown;unknown;A02922;Moigny-sur-Ecole - Cerny;;;;2023-06-30;;active;531531005;partial
C02609;4349;4349;bus;;;1016;Keolis Val d'Essonne Deux Vallées;;Essonne Sud Est;a50034;ffffff;5 100 48 22;ffffff;unknown;unknown;unknown;A02926;Oncy-sur-Ecole - Cerny;;;;2023-06-30;;active;531531005;partial
C02629;N;N;bus;;;1012;Keolis Argenteuil Boucles de Seine;;Argenteuil - Boucles de Seine;9f9822;ffffff;18 0 97 35;ffffff;unknown;unknown;unknown;A02697;HOUILLES CIRCUIT URBAIN;;;;2023-10-24;;active;000533300;partial
C02631;4250;4250;bus;;;1038;TISSE;;Evry Centre Essonne;0055c8;ffffff;100 58 0 22;ffffff;unknown;unknown;unknown;A02386;CORBEIL - MELUN;;;https://data.iledefrance-mobilites.fr/api/explore/v2.1/catalog/datasets/referentiel-des-lignes/files/f67421eff76f2ff8090affe8345147ea;2023-11-20;;active;000523500;partial
C02638;5304;5304;bus;localBus;;1037;Transdev Sud Yvelines;;Centre et Sud Yvelines;c5a3cd;000000;0 0 0 33;000000;unknown;unknown;unknown;A02792;Ligne G;;;;2025-01-31;;active;530530700;false
C02646;Bus soirée Trappes;Soir;bus;;;1023;Francilité Saint-Quentin-en-Yvelines;;Saint-Quentin-en-Yvelines;aaaaaa;000000;0 0 0 33;000000;unknown;unknown;unknown;A02695;Bus soirée Trappes;;;;2023-12-12;;active;000529703;unknown
C02663;4536;4536;bus;localBus;;1033;Transdev Cœur Essonne;;Cœur d’Essonne;ffbe00;000000;0 19 100 0;000000;unknown;true;true;A02755;LR 106;;;;2023-12-28;;active;000525406;partial
C02664;Filéo Compans;Filéo com;bus;;;1028;Keolis Roissy Pays de France Ouest;;;aaaaaa;000000;0 0 0 33;000000;unknown;unknown;unknown;;;;;;2023-12-27;;active;000000000;partial
C02668;N72;N72;bus;nightBus;;1032;Transdev Côteaux de la Marne;;Marne et Seine;aaaaaa;000000;0 0 0 33;000000;unknown;unknown;unknown;A02452;N72;;;;2025-11-21;;prochainement active;521521072;unknown
C02669;2281;2281;bus;;;1002;Transdev Marne-la-Vallée;;Marne-la-Vallée;dc9650;000000;0 19 88 13;000000;unknown;true;true;A02821;GOURNAY-SUR-MARNE - MATTEOTI - ST-LAURENT;;;;2024-04-22;;active;510510081;partial
C02670;2282;2282;bus;;;1002;Transdev Marne-la-Vallée;;Marne-la-Vallée;6e491e;ffffff;0 30 100 54;ffffff;unknown;true;true;A02820;CHAMPS CHATEAU - SAINT-LAURENT;;;;2024-04-22;;active;510510082;partial
C02674;Soir Parc Haut Val d'Oise;Soir;bus;demandAndResponseBus;;1039;Keolis Nord Val d’Oise;;Haut Val d'Oise;652c8f;ffffff;16 39 0 44;ffffff;unknown;unknown;unknown;A02810;Bus soirée du Chemin Herbu;;;;2024-04-08;;active;503503701;partial
C02685;62;62;bus;;SEASONAL_LINE_TYPE;1012;Keolis Argenteuil Boucles de Seine;;Argenteuil - Boucles de Seine;0055c8;ffffff;100 54 0 0;ffffff;unknown;true;true;A02932;Maisons-Laffitte Rue du Tir/République – Sartrouville Lycée Evariste Galois;;;;2024-09-02;;active;;partial
C02690;Soirée Val d'Europe;Soir;bus;demandAndResponseBus;;1002;Transdev Marne-la-Vallée;;Marne-la-Vallée;652c8f;ffffff;16 39 0 44;ffffff;unknown;unknown;unknown;A02837;BUS SOIREE VAL D'EUROPE;;;;2024-04-22;;active;510510102;partial
C02693;2151;2151;bus;;;1029;Keolis Roissy Pays de France Est;;Roissy Est;f78f4b;000000;0 41 73 5;000000;unknown;unknown;unknown;A02862;SAINT-MARD – Collège Georges Brassens | Centre de Villeroy;;;;2024-04-22;;active;;partial
C02698;2156;2156;bus;;;1029;Keolis Roissy Pays de France Est;;Roissy Est;9b9931;ffffff;0 1 68 39;ffffff;unknown;unknown;unknown;A02867;DAMMARTIN-EN-G.– Lycée Charlotte Delbo | SAINT-PATHUS – Les Frênes;;;;2024-04-22;;active;;partial
C02704;2164;2164;bus;;;1029;Keolis Roissy Pays de France Est;;Roissy Est;c5a3cd;000000;1 18 0 18;000000;unknown;unknown;unknown;A02874;MORTEFONTAINE – Institut St-Dominique | DAMMARTIN-EN-GOELE – Collège de l'Europe;;;;2024-04-22;;active;;partial
C02713;245;245;bus;;;100;RATP;;;b6134c;ffffff;0 100 46 26;ffffff;unknown;true;true;A02902;Eglise de Pantin <-> Rosny-Bois-Perrier;;;;2024-06-14;;active;100100245;true
C02721;3418;3418;bus;;;1026;Transdev Pays de Fontainebleau;;Fontainebleau - Moret;00643c;ffffff;100 0 83 24;ffffff;unknown;unknown;unknown;A02825;Gare Avon<=> Stade la faisanderie Fontainebleau;;;;2024-09-02;;active;;partial
C02725;9112;9112;bus;;;1038;TISSE;;Evry Centre Essonne;5191cd;ffffff;60 29 0 20;ffffff;unknown;unknown;unknown;A02939;CORBEIL ESSONNE Gare Henri Barbusse - CHEVILLY LARUE Marche International de Rungis;;;https://data.iledefrance-mobilites.fr/api/explore/v2.1/catalog/datasets/referentiel-des-lignes/files/233bf503fe689c1741cf709f92bc603f;2025-01-06;;active;;partial
C02732;T14;T14;tram;;;1042;STRETTO;;;00a092;000000;82 0 54 0;000000;false;true;partial;A02945;Esbly - Crécy;;;https://data.iledefrance-mobilites.fr/api/explore/v2.1/catalog/datasets/referentiel-des-lignes/files/bfc31e2c9d3d13004836e5d5962c10e6;2025-03-22;;active;;true
C02737;4270;4270;bus;;;1038;TISSE;;Evry Centre Essonne;82c8e6;000000;43 13 0 10;000000;unknown;unknown;unknown;A01472;EVRY (Les Aunettes)  - RIS-ORANGIS (Gare de Ris-Orangis Val de Ris);;;https://data.iledefrance-mobilites.fr/api/explore/v2.1/catalog/datasets/referentiel-des-lignes/files/39e8cd6f9c5cd8c57675c6d88cab2f0b;2025-01-06;;active;;partial
C02743;TàD 3149;TàD 3149;bus;demandAndResponseBus;;1025;Keolis Portes et Val de Brie;;;aaaaaa;000000;0 0 0 33;000000;unknown;unknown;unknown;A02775;TAD Fontenay Trésigny / Serris;;;https://data.iledefrance-mobilites.fr/api/explore/v2.1/catalog/datasets/referentiel-des-lignes/files/5c4841d704b167393a518c2c55bee049;2025-02-03;;active;;partial
C02744;277;277;bus;;;100;RATP;;;640082;ffffff;23 100 0 49;ffffff;unknown;true;true;A02950;277;;;;2025-03-03;;active;100100277;unknown
C02747;Vallée du Loing - Nemours;TAD;bus;demandAndResponseBus;;1031;Transdev Vallée du Loing;;;aaaaaa;000000;0 0 0 33;000000;unknown;unknown;unknown;A02359;TAD 30;;;;2019-11-20;;active;;true
C02753;TAD Poincy - Meaux Av de la Victoire;TAD;bus;demandAndResponseBus;;1019;Transdev Marne-et-Ourcq;;;aaaaaa;000000;0 0 0 33;000000;unknown;unknown;unknown;A02305;TAD Poincy - Meaux Av de la Victoire;;;;2018-10-24;;active;;partial
C02754;TAD PAYS DE LIMOURS HEURES CREUSES;TAD;bus;demandAndResponseBus;;1037;Transdev Sud Yvelines;;;aaaaaa;000000;0 0 0 33;000000;unknown;unknown;unknown;A02398;TAD PAYS DE LIMOURS HEURES CREUSES;;;;2020-08-06;;active;;false
C02757;TAD MEAUX ZONE SUD-EST;TAD;bus;demandAndResponseBus;;1019;Transdev Marne-et-Ourcq;;;aaaaaa;000000;0 0 0 33;000000;unknown;unknown;unknown;A02482;TAD MEAUX ZONE SUD-EST;;;;2021-06-22;;active;;true
C02758;TAD Crécy la Chapelle sud (soir);TAD;bus;demandAndResponseBus;;1020;Transdev Brie et 2 Morin;;;aaaaaa;000000;0 0 0 33;000000;unknown;unknown;unknown;A02637;TAD Crécy la Chapelle sud (soir);;;;2022-07-06;;active;;true
C02768;Soirée Montgeron;Soir;bus;demandAndResponseBus;;1015;Keolis Val d'Yerres Val de Seine;;;640082;ffffff;26 85 0 0;ffffff;unknown;unknown;unknown;A02952;Bus de soirée Montgeron;;;https://data.iledefrance-mobilites.fr/api/explore/v2.1/catalog/datasets/referentiel-des-lignes/files/4562786ca5f45bd018bbf4c3ab28da6d;2025-03-03;;active;;partial
C02770;Soirée Brunoy Sud;Soir;bus;demandAndResponseBus;;1015;Keolis Val d'Yerres Val de Seine;;;640082;ffffff;26 85 0 0;ffffff;unknown;unknown;unknown;A02954;Bus de soirée Brunoy Sud;;;https://data.iledefrance-mobilites.fr/api/explore/v2.1/catalog/datasets/referentiel-des-lignes/files/f2416da452257ecdb2a4888c749ef22a;2025-03-03;;active;;partial
C02774;Soirée Yerres Sud;Soir;bus;demandAndResponseBus;;1015;Keolis Val d'Yerres Val de Seine;;;640082;ffffff;26 85 0 0;ffffff;unknown;unknown;unknown;A02958;Bus de soirée Yerres Sud;;;https://data.iledefrance-mobilites.fr/api/explore/v2.1/catalog/datasets/referentiel-des-lignes/files/7b3bf7a0a9efa2e307da1a62c35c1822;2025-03-03;;active;;partial
C02779;TAD Melun Nord;TAD;bus;demandAndResponseBus;;1009;Transdev Melun;;;ffbe00;000000;0 19 100 0;000000;unknown;unknown;unknown;A02768;TAD Melun Nord;;;;2023-08-18;;active;;true
C00004;483;483;bus;regionalBus;;1004;Keolis Ouest Val-de-Marne;;Seine Grand Orly;ff5a00;000000;0 53 78 0;000000;true;true;true;A00002;CHOISY-LE-ROI (Gare RER)  - VILLENEUVE-ST-GEORGES (VSG gare RER);;;;2014-07-16;;active;522522483;partial
C00011;3105;3105;bus;localBus;;1025;Keolis Portes et Val de Brie;;Pays Briard;bb4b9b;ffffff;0 60 17 27;ffffff;unknown;true;true;A00009;EVRY-GREGY-SUR-YERRE - OZOIR-LA-FERRIERE;;;https://data.iledefrance-mobilites.fr/api/explore/v2.1/catalog/datasets/referentiel-des-lignes/files/b81eb951bb9434eac0c6216ebd72e0a2;2014-07-16;;active;513513005;partial
C00019;3123;3123;bus;localBus;;1025;Keolis Portes et Val de Brie;;Pays Briard;ffcd03;000000;0 20 99 0;000000;unknown;true;true;A00017;ARGENTIERES - TOURNAN-EN-BRIE;;;https://data.iledefrance-mobilites.fr/api/explore/v2.1/catalog/datasets/referentiel-des-lignes/files/498b03e5071f9d4fbf7ad2824431a602;2014-07-16;;active;513513023;partial
C00025;3146;3146;bus;localBus;;1025;Keolis Portes et Val de Brie;;Pays Briard;87d3df;000000;39 5 0 13;000000;unknown;true;true;A00023;CREVECOEUR-EN-BRIE (PLACE SAINT JEAN)  - MARLES-EN-BRIE - TOURNAN-EN-BRIE (COLLEGE VERMAY);;;https://data.iledefrance-mobilites.fr/api/explore/v2.1/catalog/datasets/referentiel-des-lignes/files/ef531e95f07fd8cc8d2ca5770bff54aa;2014-07-16;;active;513513309;partial
C00026;3147;3147;bus;localBus;;1025;Keolis Portes et Val de Brie;;Pays Briard;e0b03b;000000;0 21 74 12;000000;unknown;true;true;A00024;Châtres (Coffry) - Tournan en Brie (Collège Vermay/Lycée Clément Ader);;;https://data.iledefrance-mobilites.fr/api/explore/v2.1/catalog/datasets/referentiel-des-lignes/files/14ee7fe1d9d9cd5933e118091819489c;2014-07-16;;active;513513409;partial
C00028;501;501;bus;localBus;;003;N4 Mobilités;;Sit'bus;e2a34e;000000;0 28 66 11;000000;unknown;unknown;unknown;A00028;OZOIR-LA-FERRIERE (Intermarché)  - ROISSY-EN-BRIE (RER);;;;2014-07-16;;active;003351501;false
C00034;C;C;bus;localBus;;003;N4 Mobilités;;Sit'bus;732275;ffffff;2 71 0 54;ffffff;false;unknown;unknown;A00032;OZOIR-LA-FERRIERE (ANOUILH)  - NOISIEL (RER);;;;2014-07-16;;active;003351507;false
C00038;6132;6132;bus;regionalBus;;1017;Keolis Vélizy Vallée de la Bièvre;;Vélizy Vallées;ffbe00;000000;0 19 100 0;000000;true;true;true;A00036;Chaville (Gare Rive Droite) - Jouy en Josas (Gare);;;;2014-07-16;;active;527527003;partial
C00054;5332;5332;bus;localBus;;1037;Transdev Sud Yvelines;;Centre et Sud Yvelines;f78f4b;000000;0 45 65 4;ffffff;unknown;true;true;A00050;DAMARTIN-EN-SERVE Mairie <> MONTFORT-L'AMAURY;;;;2014-07-16;;active;530530202;false
C00061;5116;5116;bus;localBus;;1036;Francilité Express Ouest;;Lignes Île-de-France Ouest;ff82b4;000000;0 40 15 10;000000;unknown;true;true;A00057;MANTES-LA-JOLIE (Gare SNCF)  - MONTIGNY-LE-BRETONNEUX (Gare SNCF);;;https://data.iledefrance-mobilites.fr/api/explore/v2.1/catalog/datasets/referentiel-des-lignes/files/4499a005afde11dff34f54de3cdd00eb;2014-07-16;2030-12-31;active;005005015;unknown
C00070;5;5;bus;;;1013;RD Saclay;;Paris Saclay;0087c8;ffffff;100 32 0 22;ffffff;unknown;unknown;unknown;A00066;Marcoussis - Orsay;;;;2014-07-16;;active;526526055;unknown
C00085;438;438;bus;localBus;;1032;Transdev Côteaux de la Marne;;Marne et Seine;00a092;ffffff;100 0 8 37;ffffff;true;true;true;A00078;St Maur des Fossés (La Varenne RER) - Ormesson sur Marne (Pince Vent);;;;2014-07-16;;active;521521008;true
C00089;4514;4514;bus;regionalBus;;1033;Transdev Cœur Essonne;;Cœur d’Essonne;82c8e6;000000;44 0 12 0;000000;true;true;true;A00079;STE-GENEVIEVE-DES-BOIS (GARE RER)  - STE-GENEVIEVE-DES-BOIS (L SAMPAIX);;;;2014-07-16;;active;525525308;true
C00094;4515;4515;bus;localBus;;1033;Transdev Cœur Essonne;;Cœur d’Essonne;82dc73;000000;54 0 54 0;000000;true;true;true;A00084;VILLEMOISSON-SUR-ORGE - EPINAY-SUR-ORGE (GARE);;;;2014-07-16;;active;525525015;partial
C00098;4441;4441;bus;;;1018;Francilité Ouest Essonne;;Essonne Sud Ouest;8d5e2a;ffffff;0 33 70 45;ffffff;false;unknown;unknown;A00088;PARIS-14 (Denfert-Rochereau)  - LA FERTE-ALAIS - ANGERVILLE;;;;2014-07-16;;active;524524020;partial
C00107;22;22;bus;localBus;;1010;Keolis Seine et Oise Est;;Poissy - Les Mureaux;6e491e;ffffff;0 30 100 54;ffffff;unknown;true;true;A00099;Les Mureaux (Gare) - Seraincourt (Rue de l'Aulnaie);;;;2014-07-16;;active;534534552;partial
C00118;34;34;bus;localBus;;1011;RD Mantois;;Mantois;65318f;ffffff;75 100 0 0;ffffff;unknown;partial;partial;A00110;NEZEL Mairie - VERNEUIL SUR SEINE Chemin vert;;;;2014-07-16;;active;000535034;unknown
C00141;95-24;95-24;bus;;;1007;Transdev Vexin;;Vexin;9696dc;ffffff;32 32 0 14;ffffff;unknown;unknown;unknown;A00133;MOUSSY - VIGNY;;;;2014-07-16;;active;501501024;true
C00143;Express 1;EX01;bus;expressBus;;1021;Transdev Boucle des Lys;;Saint Germain Boucles de Seine;3bb2ff;000000;77 30 0 0;000000;true;true;true;A00135;ST-GERMAIN-EN-LAYE (GARE RER)  - VERSAILLES (GARE RIVE GAUCHE);;;;2014-07-16;;active;532532001;partial
C00144;8;8;bus;localBus;;1021;Transdev Boucle des Lys;;Saint Germain Boucles de Seine;ea9999;000000;0 35 35 8;000000;false;unknown;unknown;A00136;POISSY (GARE)  - POISSY (GARE);;;;2014-07-16;;active;532532008;partial
C00150;15;15;bus;localBus;;1021;Transdev Boucle des Lys;;Saint Germain Boucles de Seine;b6d7a8;ffffff;15 0 22 16;ffffff;unknown;unknown;unknown;A00139;ST-GERMAIN-EN-LAYE (RER)  - L'ETANG-LA-VILLE (Petit parc Bignon);;;;2014-07-16;;active;532532015;partial
C00159;R2 Sud;R2S;bus;regionalBus;;1021;Transdev Boucle des Lys;;Saint Germain Boucles de Seine;0055c8;ffffff;88 58 0 0;ffffff;true;true;true;A02667;ST-GERMAIN-EN-LAYE (GARE RER)  - ST-GERMAIN-EN-LAYE (GARE RER);;;;2014-07-16;;active;532532132;partial
C00161;R3 Nord;R3N;bus;localBus;;1021;Transdev Boucle des Lys;;Saint Germain Boucles de Seine;a2c119;000000;16 0 87 24;000000;true;unknown;unknown;A00147;ST-GERMAIN-EN-LAYE (RER)  - ST-GERMAIN-EN-LAYE (RER);;;;2014-07-16;;active;532532035;partial
C00163;5311;5311;bus;localBus;;1037;Transdev Sud Yvelines;;Centre et Sud Yvelines;f59eb3;000000;0 43 23 12;ffffff;unknown;true;true;A00148;LA-QUEUE-LEZ-YVELINES Lycée Jean Monnet <> RAMBOUILLET;;;;2014-07-16;;active;530530001;false
C00166;5325;5325;bus;localBus;;1037;Transdev Sud Yvelines;;Centre et Sud Yvelines;006db8;ffffff;52 21 0 14;ffffff;unknown;true;true;A00151;PRUNAY-EN-YVELINES <> RAMBOUILLET;;;;2014-07-16;;active;530530005;false
C00170;7810;7810;bus;expressBus;;1037;Transdev Sud Yvelines;;Centre et Sud Yvelines;4d90cd;ffffff;77 30 0 0;ffffff;unknown;false;false;A00155;RAMBOUILLET (GARE SNCF)  - ST-ARNOULT-EN-YVELINES (ZI);;;;2014-07-16;;active;530530010;false
C00171;7811;7811;bus;expressBus;;1037;Transdev Sud Yvelines;;Centre et Sud Yvelines;4d90cd;ffffff;77 30 0 0;ffffff;unknown;true;true;A00156;PARAY DOUAVILLE - RAMBOUILLET (Arbouville);;;;2014-07-16;;active;530530011;false
C00172;5215;5215;bus;localBus;;1037;Transdev Sud Yvelines;;Centre et Sud Yvelines;9b993b;ffffff;21 0 93 25;ffffff;unknown;true;true;A00157;GRANDCHAMP Curé <> Gare de MONTFORT-L'AMAURY - MÉRÉ;;;;2014-07-16;;active;530530115;false
C00180;5269;5269;bus;localBus;;1037;Transdev Sud Yvelines;;Centre et Sud Yvelines;ed1c2a;ffffff;0 99 87 12;ffffff;unknown;true;true;A00165;BULLION (Moutiers) - DOURDAN (Gare);;;;2014-07-16;;active;530530029;false
C00194;1312;1312;bus;;;1039;Keolis Nord Val d’Oise;;Haut Val d'Oise;6e491e;ffffff;54 68 100 0;ffffff;unknown;true;true;A00177;GOUSSAINVILLE (RER)  - CHAUMONTEL (MAIRIE);;;;2014-07-16;;active;014014012;partial
C00199;2117;2117;bus;;;1029;Keolis Roissy Pays de France Est;;Roissy Est;87d3df;000000;39 5 0 12;000000;unknown;true;true;A00205;VILLEPARISIS (Place du marché)  - VILLEPARISIS (Place du marché);;;;2014-07-16;;active;014014217;partial
C00202;2121;2121;bus;;;1029;Keolis Roissy Pays de France Est;;Roissy Est;662d91;ffffff;30 69 0 43;ffffff;unknown;true;true;A00207;CLAYE-SOUILLY (MAIRIE ANNEXE)  - VILLEPARISIS (Marché RER);;;;2014-07-16;;active;014014221;partial
C00206;30 D;30 D;bus;;;1028;Keolis Roissy Pays de France Ouest;;Roissy Ouest;9c9a3e;ffffff;0 1 60 39;ffffff;false;true;true;A02499;Gare de Goussainville (boucle par Ecole Jacques Prévert);;;;2014-07-16;;active;014014301;partial
C00218;1347;1347;bus;;;1039;Keolis Nord Val d’Oise;;Haut Val d'Oise;81c391;000000;34 0 26 24;000000;false;true;true;A00194;SAINT-MARTIN-DU-TERTRE Marie/Les Fontenelles - LUZARCHES Collège A.de Noailles/Lycée G. de Nerval;;;;2014-07-16;;active;014014047;partial
C00220;1350;1350;bus;;;1039;Keolis Nord Val d’Oise;;Haut Val d'Oise;97d4e2;000000;33 6 0 11;000000;false;true;true;A00196;VIARMES (ROUTE DE ROYAUMONT)  - MORTEFONTAINE (Institut St-Dominique);;;;2014-07-16;;active;014014050;partial
C00224;Gbus;Gbus;bus;;;1028;Keolis Roissy Pays de France Ouest;;Roissy Ouest;f4a8bc;000000;0 31 23 4;000000;false;true;true;A00201;GOUSSAINVILLE (RER)  - GOUSSAINVILLE (RER);;;;2014-07-16;;active;506506099;partial
C00234;R7;R7;bus;;;1028;Keolis Roissy Pays de France Ouest;;Roissy Ouest;b397c7;ffffff;10 24 0 22;ffffff;unknown;true;true;A00217;LOUVRES (RER)  - LOUVRES (RER);;;;2014-07-16;;active;014014907;partial
C00240;R105;R105;bus;;;1028;Keolis Roissy Pays de France Ouest;;Roissy Ouest;97d4e2;000000;33 6 0 11;000000;false;true;true;A02492;Rue Neuve-MAREIL-EN-FRANCE - Institut Saint-Dominique-MORTEFONTAINE;;;;2014-07-16;;active;014014105;partial
C00242;R107;R107;bus;;;1028;Keolis Roissy Pays de France Ouest;;Roissy Ouest;b43d88;ffffff;0 66 24 29;ffffff;false;true;true;A02494;Gymnase-PUISEUX-EN-FRANCE - Institut Saint-Dominique-MORTEFONTAINE;;;;2014-07-16;;active;014014107;partial
C00243;R108;R108;bus;;;1028;Keolis Roissy Pays de France Ouest;;Roissy Ouest;f4a8bc;000000;0 31 23 4;000000;false;true;true;A02495;Mairie Annexe-FOSSES - Institut Saint-Dominique-MORTEFONTAINE;;;;2014-07-16;;active;014014108;partial
C00244;R109;R109;bus;;;1028;Keolis Roissy Pays de France Ouest;;Roissy Ouest;ceacd2;000000;2 18 0 18;000000;false;true;true;A02496;Centre-VÉMARS - Institut Saint-Dominique-MORTEFONTAINE;;;;2014-07-16;;active;014014109;partial
C00246;2102;2102;bus;;;1029;Keolis Roissy Pays de France Est;;Roissy Est;8d5e2a;ffffff;0 33 70 45;ffffff;unknown;true;true;A00225;TREMBLAY-EN-FRANCE (Roissypôle RER)  - LOUVRES (RER);;;;2014-07-16;;active;014077702;partial
C00248;2104;2104;bus;;;1029;Keolis Roissy Pays de France Est;;Roissy Est;f28e42;000000;0 41 73 5;000000;unknown;true;true;A00227;MEAUX (sncf)  - LE PLESSIS BELLEVILLE (Mairie);;;;2014-07-16;;active;014077704;partial
C00251;2108;2108;bus;;;1029;Keolis Roissy Pays de France Est;;Roissy Est;d3ca00;000000;0 4 100 17;000000;unknown;true;true;A00230;Saint Mard (Dammartin Juilly Saint Mard) - Othis (Beaupre);;;;2014-07-16;;active;014077708;partial
C00273;X409;X409;bus;expressBus;;1010;Keolis Seine et Oise Est;;Poissy - Les Mureaux;3c91dc;ffffff;69 34 0 0;ffffff;unknown;true;true;A00256;Poissy (Gare Nord) - Versailles (Gare de Versailles Chantiers);;;;2014-07-16;;active;534534531;partial
C00295;4;4;bus;regionalBus;;1012;Keolis Argenteuil Boucles de Seine;;Argenteuil - Boucles de Seine;82dc73;000000;54 0 54 0;000000;true;unknown;unknown;A00288;ARGENTEUIL (GARE D'ARGENTEUIL)  - HOUILLES (GARE DE HOUILLES - CARRIERES SUR SEINE);;;;2014-07-16;;active;000533004;partial
C00303;18;18;bus;regionalBus;;1012;Keolis Argenteuil Boucles de Seine;;Argenteuil - Boucles de Seine;0055c8;ffffff;100 54 0 0;ffffff;true;unknown;unknown;A00292;ARGENTEUIL (GARE D'ARGENTEUIL)  - ARGENTEUIL (CHAMPAGNE);;;;2014-07-16;;active;000533018;partial
C00306;34;34;bus;regionalBus;;1012;Keolis Argenteuil Boucles de Seine;;Argenteuil - Boucles de Seine;a0006e;ffffff;26 85 0 0;ffffff;true;unknown;unknown;A00294;ARGENTEUIL (Marché des Côteaux)  - HOUILLES (Gare);;;;2014-07-16;;active;000533034;partial
C00312;7;7;bus;regionalBus;;1012;Keolis Argenteuil Boucles de Seine;;Argenteuil - Boucles de Seine;3c91dc;ffffff;69 34 0 0;ffffff;true;unknown;unknown;A00295;ENGHIEN-LES-BAINS (Gare d'Enghien)  - ARGENTEUIL (Gare d'Argenteuil);;;;2014-07-16;;active;000533514;partial
C00330;A;A;bus;regionalBus;;1012;Keolis Argenteuil Boucles de Seine;;Argenteuil - Boucles de Seine;0055c8;ffffff;100 54 0 0;ffffff;true;unknown;unknown;A00309;HOUILLES (RER)  - LE VESINET (Le Vésinet/Le Pecq RER);;;;2014-07-16;;active;000533103;partial
C00355;4113;4113;bus;regionalBus;;1015;Keolis Val d'Yerres Val de Seine;;Val d'Yerres Val de Seine;ffbe00;000000;0 19 100 0;000000;unknown;unknown;unknown;A00331;VIGNEUX-SUR-SEINE - MONTGERON - DRAVEIL - VIGNEUX-SUR-SEINE;;;https://data.iledefrance-mobilites.fr/api/explore/v2.1/catalog/datasets/referentiel-des-lignes/files/d95376b50fbe9bdb24647997695f0cab;2014-07-16;;active;520520002;partial
C00366;4161;4161;bus;localBus;;1015;Keolis Val d'Yerres Val de Seine;;Val d'Yerres Val de Seine;a0006e;ffffff;26 85 0 0;ffffff;unknown;unknown;unknown;A00333;MONTGERON (Lycée)  - DRAVEIL - JUVISY-SUR-ORGE (Gare routière);;;https://data.iledefrance-mobilites.fr/api/explore/v2.1/catalog/datasets/referentiel-des-lignes/files/92759ec95e2e79b4127de336b4317ff4;2014-07-16;;active;520520105;partial
C00376;4116;4116;bus;regionalBus;;1015;Keolis Val d'Yerres Val de Seine;;Val d'Yerres Val de Seine;ff5a00;000000;0 53 78 0;000000;unknown;unknown;unknown;A00337;JUVISY-SUR-ORGE (GARE ROUTIERE SEINE)  - DRAVEIL (BERGERIES ST HUBERT);;;https://data.iledefrance-mobilites.fr/api/explore/v2.1/catalog/datasets/referentiel-des-lignes/files/d968b7bda53c4504e830ebb1dc10815d;2014-07-16;;active;520520016;partial
C00388;4243;4243;bus;regionalBus;;1038;TISSE;;Evry Centre Essonne;00643c;ffffff;100 0 40 61;ffffff;unknown;unknown;unknown;A00348;CORBEIL-ESSONNES (GARE)  - CORBEIL-ESSONNES (GARE-MOULIN GALANT);;;https://data.iledefrance-mobilites.fr/api/explore/v2.1/catalog/datasets/referentiel-des-lignes/files/68fdb765d0202f810ac4cc63fdfd62e7;2014-07-16;;active;024309303;partial
C00395;95-08;95-08;bus;localBus;;1007;Transdev Vexin;;Vexin;00a6ff;000000;100 35 0 0;000000;unknown;unknown;unknown;A00353;SANTEUIL (Epagnes)  - CERGY (Préfecture);;;;2014-07-16;;active;501501008;true
C00399;95-16;95-16;bus;localBus;;1007;Transdev Vexin;;Vexin;80331b;ffffff;0 30 40 50;ffffff;unknown;unknown;unknown;A00357;FROUVILLE (MAIRIE)  - CERGY (PREFECTURE RER);;;;2014-07-16;;active;501501016;true
C00400;1317;1317;bus;localBus;;1039;Keolis Nord Val d’Oise;;Haut Val d'Oise;f3a4ba;000000;0 47 11 0;000000;unknown;true;true;A00358;CERGY Gare de Cergy Préfecture - MERY-SUR-OISE Mairie;;;;2014-07-16;;active;025195017;partial
C00402;5327;5327;bus;;;1037;Transdev Sud Yvelines;;Centre et Sud Yvelines;006db8;ffffff;100 17 0 44;ffffff;unknown;false;false;A00360;Gare de LA VERRIÈRE <> Gare de PLAISIR-GRIGNON;;;;2014-07-16;;active;530530207;false
C00409;5312;5312;bus;;;1037;Transdev Sud Yvelines;;Centre et Sud Yvelines;bb4b9b;ffffff;4 89 0 0;ffffff;unknown;false;false;A00363;BEYNES (MAIRIE)  - PLAISIR (GARE SNCF PLAISIR GRIGNON);;;;2014-07-16;;active;530530112;false
C00413;5117;5117;bus;;;1036;Francilité Express Ouest;;Lignes Île-de-France Ouest;00a092;ffffff;82 0 54 0;000000;unknown;true;true;A00367;BOULOGNE-BILLANCOURT (METRO PONT DE SEVRES)  - PLAISIR (JONCHERES);;;https://data.iledefrance-mobilites.fr/api/explore/v2.1/catalog/datasets/referentiel-des-lignes/files/338e3670f7dfd715bc6495bd2e4ae8ca;2014-07-16;2030-12-31;active;027027017;unknown
C00421;5201;5201;bus;;;1037;Transdev Sud Yvelines;;Centre et Sud Yvelines;cec92b;000000;22 0 78 24;ffffff;unknown;false;false;A00374;BEYNES (Collège Rabelais)  - VILLIERS-ST-FREDERIC;;;;2014-07-16;;active;530530212;false
C00423;5206;5206;bus;;;1037;Transdev Sud Yvelines;;Centre et Sud Yvelines;ffcd03;000000;0 4 38 2;000000;unknown;false;false;A00376;Jouars Pontchartrain (Collège St Simon) - St Remy l'Honoré (La Mare);;;;2014-07-16;;active;530530318;false
C00437;30-05;30-05;bus;regionalBus;;1041;Francilité Val Parisis;;Val Parisis;1d1d1b;ffffff;0 0 0 100;ffffff;true;true;true;A00382;Montigny/Beauchamp (Gare) - Cormeilles en Parisis ou Sartrouville (Gare);;;;2014-07-16;;active;030030005;unknown
C00444;30-11;30-11;bus;localBus;;1041;Francilité Val Parisis;;Val Parisis;9dc327;ffffff;46 0 97 1;ffffff;true;true;true;A00386;ERMONT (gare)  - ERMONT (les Espérances/La Tour/ St Exupéry);;;;2014-07-16;;active;030030011;unknown
C00460;30-33 Scolaire;30-33;bus;localBus;;1041;Francilité Val Parisis;;Val Parisis;009fe3;ffffff;100 0 0 0;ffffff;true;true;true;A00402;MONTIGNY-LES-CORMEILLES (Collège C. Claudel)  - MONTIGNY-LES-CORMEILLES;;;;2014-07-16;;active;030030033;unknown
C00463;30-37;30-37;bus;localBus;;1041;Francilité Val Parisis;;Val Parisis;bd1d1d;ffffff;0 100 100 25;ffffff;unknown;true;true;A00405;FRANCONVILLE - FRANCONVILLE;;;;2014-07-16;;active;030030037;unknown
C00466;30-42;30-42;bus;localBus;;1041;Francilité Val Parisis;;Val Parisis;e0a0c8;ffffff;11 47 0 0;ffffff;true;true;true;A00408;SANNOIS (RESIDENCE DU MOULIN)  - SANNOIS (GARE);;;;2014-07-16;;active;030030042;unknown
C00473;95-19;95-19;bus;regionalBus;;1041;Francilité Val Parisis;;Val Parisis;00904a;ffffff;100 0 91 6;ffffff;true;true;true;A00412;ARGENTEUIL (Gare)  - ERMONT - MONTIGNY-LES-CORMEILLES - CERGY (Préfecture);;;;2014-07-16;;active;030195019;unknown
C00476;95-20;95-20;bus;expressBus;;1041;Francilité Val Parisis;;Val Parisis;57aadf;ffffff;64 18 0 0;ffffff;unknown;true;true;A00413;CERGY (Préfecture)  - CORMEILLES-EN-PARISIS;;;;2014-07-16;;active;030195020;unknown
C00482;5275;5275;bus;localBus;;1037;Transdev Sud Yvelines;;Centre et Sud Yvelines;c5a3cd;000000;20 40 0 0;000000;unknown;false;false;A00419;AUFFARGIS (Gare SNCF)  - LES ESSARTS-LE-ROI (Gare SNCF);;;;2014-07-16;;active;530530015;false
C00484;3801;3801;bus;localBus;;1041;Francilité Val Parisis;;Val Parisis;feca2b;ffffff;0 22 87 0;ffffff;true;true;true;A00420;ERMONT (Gare)  - DOMONT (Gare);;;;2014-07-16;;active;038038001;unknown
C00485;1520;1520;bus;localBus;;1008;Transdev Valmy;;Vallée de Montmorency;8ad3de;000000;44 0 12 0;000000;unknown;true;partial;A00421;ATTAINVILLE (MAIRIE)  - MONTMORENCY (HOTEL DE VILLE / LYCEE);;;;2014-07-16;;active;505505020;false
C00490;10;10;bus;;;1013;RD Saclay;;Paris Saclay;f0bcd4;000000;0 22 12 6;000000;unknown;unknown;unknown;A00426;GIF-SUR-YVETTE (RER)  - BUC;;;;2014-07-16;;active;526526004;unknown
C00494;5252;5252;bus;;;1037;Transdev Sud Yvelines;;Centre et Sud Yvelines;cec92b;000000;14 0 1 31;000000;false;false;false;A02832;ST-ARNOULT-EN-YVELINES - LIMOURS - ORSAY;;;;2014-07-16;;active;530530108;false
C00502;5359;5359;bus;;;1037;Transdev Sud Yvelines;;Centre et Sud Yvelines;ed1c2a;ffffff;0 58 71 7;ffffff;unknown;false;false;A00435;LIMOURS (MONUMENT)  - ARPAJON (GARE SNCF);;;;2014-07-16;;active;530530018;false
C00503;12;12;bus;;;1013;RD Saclay;;Paris Saclay;ffd300;000000;0 17 100 0;000000;unknown;unknown;unknown;A00436;GIF-SUR-YVETTE (GARE COURCELLE-SUR-YVETTE)  - LES ULIS;;;;2014-07-16;;active;526526019;unknown
C00511;5291;5291;bus;;;1037;Transdev Sud Yvelines;;Centre et Sud Yvelines;9b993b;ffffff;57 3 0 58;ffffff;false;false;false;A02885;LIMOURS (collège M. VIGNAUD) - LIMOURS (Collège M.VIGNAUD);;;;2014-07-16;;active;530530091;false
C00512;5292;5292;bus;;;1037;Transdev Sud Yvelines;;Centre et Sud Yvelines;008c5a;ffffff;57 3 0 58;ffffff;false;false;false;A02886;LIMOURS (collège M. VIGNAUD) - LIMOURS (Collège M.VIGNAUD);;;;2014-07-16;;active;530530092;false
C00514;5294;5294;bus;;;1037;Transdev Sud Yvelines;;Centre et Sud Yvelines;00b397;ffffff;57 3 0 58;ffffff;false;false;false;A02888;LIMOURS (collège M. VIGNAUD) - LIMOURS (Collège M.VIGNAUD);;;;2014-07-16;;active;530530094;false
C00516;5242;5242;bus;;;1037;Transdev Sud Yvelines;;Centre et Sud Yvelines;8e6539;ffffff;0 43 56 24;ffffff;false;false;false;A02890;LIMOURS (Lycée Jules VERNES) - LIMOURS (Desserte du lycée Jules Verne);;;;2014-07-16;;active;530530098;false
C00518;5330;5330;bus;;;1037;Transdev Sud Yvelines;;Centre et Sud Yvelines;ed1c2a;ffffff;0 1 1 61;ffffff;unknown;false;false;A00449;ST-REMY-LES-CHEVREUSE - RAMBOUILLET;;;;2014-07-16;;active;530530303;false
C00519;5290;5290;bus;;;1037;Transdev Sud Yvelines;;Centre et Sud Yvelines;006db8;ffffff;55 20 0 25;000000;false;false;false;A00441;CHEVREUSE (Collège P de Coubertin)  - MONTIGNY-LE-BRETONNEUX (Collège St François);;;;2014-07-16;;active;530530131;false
C00522;5227;5227;bus;;;1037;Transdev Sud Yvelines;;Centre et Sud Yvelines;008c5a;ffffff;32 0 12 34;000000;false;false;false;A00444;CHEVREUSE (Desserte du collège Pierre de Coubertin)  - CHEVREUSE;;;;2014-07-16;;active;530530082;false
C00527;6183;6183;bus;;;1017;Keolis Vélizy Vallée de la Bièvre;;Vélizy Vallées;640082;ffffff;75 100 0 0;ffffff;false;unknown;unknown;A02310;Saint-Rémy-les-Chevreuse - Magny-les-Hameaux / Buc Etablissement scolaire LFA-MLK;;;;2014-07-16;;active;527527039;partial
C00531;5278;5278;bus;;;1037;Transdev Sud Yvelines;;Centre et Sud Yvelines;ed1c2a;ffffff;0 43 56 24;ffffff;false;false;false;A00440;LIMOURS (Lycée Jules VERNES)  - LIMOURS (Desserte du lycée Jules Verne);;;;2014-07-16;;active;530530096;false
C00535;5188;5188;bus;localBus;;1023;Francilité Saint-Quentin-en-Yvelines;;Saint-Quentin-en-Yvelines;82dc73;000000;54 0 54 0;000000;unknown;true;true;A02689;MONTIGNY LE BRETONNEUX Collège Saint-François d’Assise – LE MESNIL-ST-DENIS Place du Mesnil;;;;2014-07-16;;active;529529406;partial
C00536;5189;5189;bus;localBus;;1023;Francilité Saint-Quentin-en-Yvelines;;Saint-Quentin-en-Yvelines;dc9600;000000;0 19 88 13;000000;unknown;true;true;A02687;BUC Lycée Franco-Allemand – ELANCOURT France Miniature;;;;2014-07-16;;active;529529404;partial
C00543;5196;5196;bus;localBus;;1023;Francilité Saint-Quentin-en-Yvelines;;Saint-Quentin-en-Yvelines;ff82b4;000000;0 47 11 0;000000;unknown;true;true;A02681;BUC Lycée Franco-Allemand – VOISINS LE BRETONNEUX Collège Champollion;;;;2014-07-16;;active;529529106;true
C00546;3101;3101;bus;regionalBus;;1025;Keolis Portes et Val de Brie;;Pays Briard;78c696;ffffff;39 0 24 22;ffffff;unknown;true;true;A00459;COMBS-LA-VILLE (GARE RER)  - BRIE-COMTE-ROBERT (AMBROISE PARE);;;https://data.iledefrance-mobilites.fr/api/explore/v2.1/catalog/datasets/referentiel-des-lignes/files/a6ed91cdd0d5f24ca584db04c9635a7a;2014-07-16;;active;513513007;partial
C00556;435;435;bus;regionalBus;;1032;Transdev Côteaux de la Marne;;Marne et Seine;ff5a00;000000;0 53 78 0;000000;true;true;true;A00469;SUCY-EN-BRIE ( R.E.R.)  - BOISSY-ST-LEGER (R.E.R.);;;;2014-07-16;;active;521521005;true
C00589;4154;4154;bus;;;1015;Keolis Val d'Yerres Val de Seine;;Val d'Yerres Val de Seine;00643c;ffffff;100 0 83 24;ffffff;false;unknown;unknown;A00497;YERRES (LETHUMIERE)  - BRUNOY (L.TALMA);;;https://data.iledefrance-mobilites.fr/api/explore/v2.1/catalog/datasets/referentiel-des-lignes/files/a22d63c44feda4b48de5deb2d46976bc;2014-07-16;;active;045045022;partial
C00591;4132;4132;bus;localBus;;1015;Keolis Val d'Yerres Val de Seine;;Val d'Yerres Val de Seine;ffdc00;000000;0 14 100 0;000000;unknown;unknown;unknown;A00499;MANDRES-LES-ROSES (ZA PERDRIX)  - BRUNOY (GARE RER);;;https://data.iledefrance-mobilites.fr/api/explore/v2.1/catalog/datasets/referentiel-des-lignes/files/fb340155832b4c654ce6eace620e48f6;2014-07-16;;active;520520024;partial
C00598;4130;4130;bus;localBus;;1015;Keolis Val d'Yerres Val de Seine;;Val d'Yerres Val de Seine;82c8e6;000000;44 0 12 0;000000;unknown;unknown;unknown;A00505;QUINCY-SOUS-SENART (GARE RER D)  - QUINCY-SOUS-SENART (GARE RER D);;;https://data.iledefrance-mobilites.fr/api/explore/v2.1/catalog/datasets/referentiel-des-lignes/files/8497718c726ce63d6284460df752bf3c;2014-07-16;;active;520520001;partial
C00606;1303;1303;bus;;;1039;Keolis Nord Val d’Oise;;Haut Val d'Oise;a09923;ffffff;18 0 96 35;ffffff;unknown;true;true;A00515;PERSAN-BEAUMONT Gare - L'ISLE-ADAM-PARMAIN Gare;;;;2014-07-16;;active;046146067;partial
C00607;1309;1309;bus;;;1039;Keolis Nord Val d’Oise;;Haut Val d'Oise;fece00;000000;0 19 93 0;000000;unknown;true;true;A00517;BOUFFEMONT Carrefour - MONTSOULT-MAFFLIERS Gare;;;;2014-07-16;;active;046195009;partial
C00611;25;25;bus;;;1028;Keolis Roissy Pays de France Ouest;;Roissy Ouest;b90745;ffffff;0 96 63 27;ffffff;false;true;true;A02162;VILLIERS-LE-BEL (Gare RER) - GONESSE (ZI);;;;2014-07-16;;active;050050025;partial
C00616;36;36;bus;;;1028;Keolis Roissy Pays de France Ouest;;Roissy Ouest;c04191;ffffff;0 66 24 25;ffffff;unknown;true;true;A00524;ARNOUVILLE-LES-GONESSE (VILLIERS LE BEL RER)  - GONESSE (ROND POINT DE BONNEUIL);;;;2014-07-16;;active;050050036;partial
C00617;37;37;bus;;;1028;Keolis Roissy Pays de France Ouest;;Roissy Ouest;09a88e;ffffff;95 0 15 34;ffffff;unknown;true;true;A00525;VILLIERS-LE-BEL (RER)  - GONESSE (Hôpital);;;;2014-07-16;;active;050050037;partial
C00626;2222;2222;bus;regionalBus;;1002;Transdev Marne-la-Vallée;;Marne-la-Vallée;00643c;ffffff;100 0 83 24;ffffff;true;true;true;A00534;CHANTELOUP-EN-BRIE (Orée du Bois)  - FERRIERES (Paris);;;;2014-07-16;;active;510510022;partial
C00628;2225;2225;bus;regionalBus;;1002;Transdev Marne-la-Vallée;;Marne-la-Vallée;ff1400;ffffff;0 100 94 0;ffffff;unknown;true;true;A00536;LAGNY-SUR-MARNE (SNCF)  - ST-THIBAULT-DES-VIGNES - TORCY (RER);;;;2014-07-16;;active;510510025;partial
C00631;2292;2292;bus;localBus;;1002;Transdev Marne-la-Vallée;;Marne-la-Vallée;ff5a00;000000;0 53 78 0;000000;unknown;true;true;A00539;SERRIS (VAL D'EUROPE RER)  - TOURNAN-EN-BRIE (TOURNAN RER);;;;2014-07-16;;active;510510032;partial
C00634;2220;2220;bus;regionalBus;;1002;Transdev Marne-la-Vallée;;Marne-la-Vallée;ffbe50;000000;0 19 100 0;000000;true;true;true;A00542;LAGNY-SUR-MARNE (SNCF)  - SERRIS ( Val d'Europe RER);;;;2014-07-16;;active;510510042;partial
C00642;28;28;bus;localBus;;1010;Keolis Seine et Oise Est;;Poissy - Les Mureaux;ff5a00;000000;0 53 78 0;000000;unknown;true;true;A00551;MEDAN - VILLENNES-SUR-SEINE;;;;2014-07-16;;active;534534558;partial
C00649;17;17;bus;localBus;;1010;Keolis Seine et Oise Est;;Poissy - Les Mureaux;0055c8;ffffff;100 54 0 0;ffffff;unknown;true;true;A00558;VERNEUIL-SUR-SEINE (Gare)  - VERNEUIL-SUR-SEINE (Gare);;;;2014-07-16;;active;534534547;partial
C00651;18;18;bus;localBus;;1010;Keolis Seine et Oise Est;;Poissy - Les Mureaux;a0006e;ffffff;26 85 0 0;ffffff;unknown;true;true;A00560;Vernouillet-Verneuil (Gare) - Chapet;;;;2014-07-16;;active;534534548;partial
C00654;41;41;bus;localBus;;1010;Keolis Seine et Oise Est;;Poissy - Les Mureaux;ff1400;ffffff;0 100 94 0;ffffff;unknown;true;true;A00563;Vernouillet-Verneuil (Gare) - Cergy (Gare de Cergy Préfecture);;;;2014-07-16;;active;534534522;partial
C00656;2128;2128;bus;regionalBus;;1029;Keolis Roissy Pays de France Est;;Roissy Est;00814f;ffffff;100 0 39 49;ffffff;unknown;true;true;A00564;MEAUX (Gare)  - BOBIGNY (Pablo Picasso.);;;;2014-07-16;;active;054054008;partial
C00660;2169;2169;bus;;;1029;Keolis Roissy Pays de France Est;;Roissy Est;ffcd03;000000;0 19 100 0;000000;unknown;true;true;A00568;CHARNY (GARE ROUTIERE)  - CLAYE-SOUILLY (MAIRIE);;;;2014-07-16;;active;054054019;partial
C00661;Express 20;20E;bus;expressBus;;1019;Transdev Marne-et-Ourcq;;Meaux et Ourcq;3bb2ff;000000;77 30 0 0;000000;false;unknown;unknown;A00569;MEAUX (GARE)  - CLAYE-SOUILLY - TREMBLAY-EN-FRANCE (GARE AEROPORT CDG1);;;;2014-07-16;;active;511511120;partial
C00666;4505;4505;bus;;;1033;Transdev Cœur Essonne;;Cœur d’Essonne;0055c8;ffffff;100 54 0 0;ffffff;true;true;true;A00573;JUVISY-SUR-ORGE (GARE ROUTIERE CONDORCET)  - FLEURY-MEROGIS (HOPITAL F.H. MAHNES);;;;2014-07-16;;active;525525005;partial
C00668;4517;4517;bus;;;1033;Transdev Cœur Essonne;;Cœur d’Essonne;00643c;ffffff;100 24 87 0;ffffff;true;true;true;A00574;STE-GENEVIEVE-DES-BOIS (GARE RER)  - VILLIERS-SUR-ORGE (La Seigneurie);;;;2014-07-16;;active;525525207;partial
C00670;4518;4518;bus;;;1033;Transdev Cœur Essonne;;Cœur d’Essonne;ff5a00;000000;0 53 78 0;000000;unknown;true;true;A00576;VILLEJUIF (LOUIS ARAGON)  - MORSANG-SUR-ORGE (LIBERATION);;;;2014-07-16;;active;525525008;partial
C00675;DM11A;DM11A;bus;;;1013;RD Saclay;;Paris Saclay;f19043;000000;0 40 72 5;000000;unknown;unknown;unknown;A00579;MASSY (GARE RER)  - STE-GENEVIEVE-DES-BOIS (Piscine);;;;2014-07-16;;active;526526011;unknown
C00677;4543;4543;bus;;;1033;Transdev Cœur Essonne;;Cœur d’Essonne;d282be;000000;21 38 0 0;000000;unknown;true;true;A00581;BRETIGNY-SUR-ORGE (RER)  - LEUVILLE-SUR-ORGE - LINAS (ARPAJONNAIS);;;;2014-07-16;;active;525525113;partial
C00683;4521;4521;bus;;;1033;Transdev Cœur Essonne;;Cœur d’Essonne;ffbe00;000000;0 19 100 0;000000;true;true;true;A00587;MORSANG-SUR-ORGE (LIBERATION)  - SAVIGNY-SUR-ORGE;;;;2014-07-16;;active;525525021;partial
C00687;DM11C;DM11C;bus;;;1013;RD Saclay;;Paris Saclay;ffce00;000000;0 19 100 0;000000;unknown;unknown;unknown;A00591;MASSY (GARE RER)  - NOZAY (LABORATOIRES);;;;2014-07-16;;active;526526125;unknown
C00689;EXPRESS 9115;9115;bus;regionalBus;;1033;Transdev Cœur Essonne;;Cœur d’Essonne;3c91dc;ffffff;69 34 0 0;ffffff;unknown;true;true;A00593;PARIS-14 (PTE ORLEANS)  - ARPAJON (Porte d'Etampes);;;;2014-07-16;;active;525525101;partial
C00691;4503;4503;bus;;;1033;Transdev Cœur Essonne;;Cœur d’Essonne;82c8e6;000000;44 0 12 0;000000;unknown;true;true;A00595;MASSY (GARE RER)  - ARPAJON (PORTE D'ETAMPES);;;;2014-07-16;;active;525525103;partial
C00695;6204;6204;bus;localBus;;1034;Transdev Versailles;;Grand Versailles;ff5a00;000000;0 53 78 0;000000;true;true;true;A00600;VERSAILLES Pershing - VERSAILLES Gare des Chantiers Gare routière;;;;2014-07-16;;active;528528004;partial
C00700;6209;6209;bus;localBus;;1034;Transdev Versailles;;Grand Versailles;ff82b4;000000;0 49 29 0;000000;unknown;true;true;A00605;GARCHES Gare - LE CHESNAY-ROCQUENCOURT Centre Commercial Parly 2;;;;2014-07-16;;active;528528011;false
C00703;6136;6136;bus;localBus;;1017;Keolis Vélizy Vallée de la Bièvre;;Vélizy Vallées;ff5a00;000000;0 53 78 0;000000;unknown;true;true;A00608;VAUCRESSON (Gare S.N.C.F.)  - LE CHESNAY - VERSAILLES (Gare Rive Droite);;;;2014-07-16;;active;527527015;partial
C00705;6171;6171;bus;localBus;;1017;Keolis Vélizy Vallée de la Bièvre;;Vélizy Vallées;00643c;ffffff;100 0 83 24;ffffff;unknown;true;true;A00610;VERSAILLES (Gare des Chantiers)  - VERSAILLES (Université);;;;2014-07-16;;active;527527017;partial
C00725;1;1;bus;localBus;;1011;RD Mantois;;Mantois;008b5b;ffffff;100 0 83 24;ffffff;unknown;true;true;A00625;MERICOURT Barrage - BONNIERES SUR SEINE Gare Routière;;;;2014-07-16;;active;000535101;unknown
C00735;17;17;bus;localBus;;1011;RD Mantois;;Mantois;5091cb;ffffff;69 34 0 0;ffffff;unknown;partial;partial;A00636;JAMBVILLE - LES MUREAUX;;;;2014-07-16;;active;000535017;unknown
C00747;L;L;bus;localBus;;1011;RD Mantois;;Mantois;dfaf47;000000;0 19 88 13;000000;unknown;partial;partial;A00644;LIMAY Fosses Rouges - LIMAY Lycée Condorcet;;;;2014-07-16;;active;000535057;unknown
C00757;88B;88B;bus;localBus;;1011;RD Mantois;;Mantois;8d653d;ffffff;0 30 100 54;ffffff;unknown;true;true;A00650;88 DREUX - POISSY Peugeot;;;;2014-07-16;;active;000535108;unknown
C00784;1241;1241;bus;localBus;;1040;Francilité Seine et Oise;;Cergy-Pontoise Confluence;a0006e;ffffff;26 85 0 0;ffffff;true;true;true;A00673;CERGY (PREFECTURE RER A)  - ST-OUEN-L'AUMONE (FOND DE VAUX);;;;2014-07-16;;active;059440059;true
C00813;3443;3443;bus;localBus;;1026;Transdev Pays de Fontainebleau;;Fontainebleau - Moret;d2d200;000000;14 0 100 11;000000;false;true;true;A00693;VAUX-LE-PENIL (FOCH/NIEPCE)  - FONTAINEBLEAU (PLACE DE L'ETAPE);;;;2014-07-16;;active;516516043;partial
C00819;3503;3503;bus;localBus;;1031;Transdev Vallée du Loing;;Vallée du Loing - Nemours;d282be;000000;21 38 0 0;000000;unknown;true;true;A00703;MONTCOURT-FROMONVILLE (ETANG SEC)  - NEMOURS (CITE SCOLAIRE);;;;2014-07-16;;active;517517003;partial
C00820;3530;3530;bus;localBus;;1031;Transdev Vallée du Loing;;Vallée du Loing - Nemours;ff1400;ffffff;0 100 94 0;ffffff;false;true;true;A00704;NEMOURS (GARE ROUTIERE)  - FONTAINEBLEAU (FRANCOIS 1ER);;;;2014-07-16;;active;517517007;partial
C00826;3515;3515;bus;localBus;;1031;Transdev Vallée du Loing;;Vallée du Loing - Nemours;82c8e6;000000;44 0 12 0;000000;false;true;true;A00710;BEAUMONT DU GATINAIS - NEMOURS CITE SCOLAIRE;;;;2014-07-16;;active;517517013;partial
C00838;3755;3755;bus;expressBus;;1003;Transdev Senart;;Sénart;ff82b4;000000;0 47 11 0;000000;unknown;true;true;A00722;LIEUSAINT (RER LIEUSAINT-MOISSY)  - MASSY (RER/TGV);;;;2014-07-16;;active;519519055;false
C00843;3703;3703;bus;localBus;;1003;Transdev Senart;;Sénart;ffbe00;000000;0 19 100 0;000000;unknown;true;true;A00726;ST-PIERRE-DU-PERRAY (LE FRESNE)  - ST-PIERRE-DU-PERRAY (LE FRESNE);;;;2014-07-16;;active;519519003;false
C00845;3711;3711;bus;regionalBus;;1003;Transdev Senart;;Sénart;640082;ffffff;75 100 0 0;ffffff;false;true;true;A00728;COMBS-LA-VILLE (Gare RER)  - COMBS-LA-VILLE (Gare RER);;;;2014-07-16;;active;519519011;false
C00846;3712;3712;bus;regionalBus;;1003;Transdev Senart;;Sénart;ff1400;ffffff;0 100 94 0;ffffff;false;true;true;A00729;COMBS-LA-VILLE;;;;2014-07-16;;active;519519012;false
C00847;3713;3713;bus;regionalBus;;1003;Transdev Senart;;Sénart;00643c;ffffff;100 24 87 0;ffffff;false;true;true;A00730;COMBS-LA-VILLE;;;;2014-07-16;;active;519519013;false
C00853;3741;3741;bus;regionalBus;;1003;Transdev Senart;;Sénart;640082;ffffff;75 100 0 0;ffffff;unknown;true;true;A00735;CESSON;;;;2014-07-16;;active;519519041;false
C00854;3742;3742;bus;regionalBus;;1003;Transdev Senart;;Sénart;ff1400;ffffff;0 100 94 0;ffffff;unknown;true;true;A00736;CESSON - VERT-ST-DENIS;;;;2014-07-16;;active;519519042;false
C00861;3714;3714;bus;regionalBus;;1003;Transdev Senart;;Sénart;ff5a00;000000;0 53 78 0;000000;false;true;true;A00742;COMBS-LA-VILLE (GARE RER)  - MELUN (BOULEVARD GAMBETTA);;;;2014-07-16;;active;519519110;false
C00876;3609;3609;bus;regionalBus;;1009;Transdev Melun;;Grand Melun;ffbe00;000000;0 19 100 0;000000;unknown;true;true;A00757;JAVAL - VAUX LE PENIL - NAZARETH - MELUN;;;;2014-07-16;;active;518518021;true
C00881;3601;3601;bus;regionalBus;;1009;Transdev Melun;;Grand Melun;ff5a00;000000;0 53 78 0;000000;true;true;true;A00760;DAMMARIE-LES-LYS (CHAMLYS)  - MELUN (C.C. ALMONT);;;;2014-07-16;;active;518518024;true
C00890;3654;3654;bus;localBus;;1009;Transdev Melun;;Grand Melun;ffbe00;000000;0 19 100 0;000000;unknown;true;true;A00695;BOISSISE-LE-ROI - DAMMARIE-LES-LYS - LE MEE-SUR-SEINE;;;;2014-07-16;;active;518518003;partial
C00897;3630;3630;bus;localBus;;1009;Transdev Melun;;Grand Melun;a0006e;ffffff;26 85 0 0;ffffff;unknown;true;true;A00766;SEINE-PORT (LA CHESNAY)  - MELUN (3 HORLOGES);;;;2014-07-16;;active;518518034;partial
C00919;23;23;bus;localBus;;1019;Transdev Marne-et-Ourcq;;Meaux et Ourcq;177fc2;ffffff;88 35 0 24;ffffff;unknown;unknown;unknown;A00786;ARMENTIERES-EN-BRIE (CENTRE)  - ISLES-LES-MELDEUSES (GARE SNCF);;;;2014-07-16;;active;511511023;partial
C00935;50;50;bus;localBus;;1019;Transdev Marne-et-Ourcq;;Meaux et Ourcq;38761d;ffffff;53 0 75 54;ffffff;unknown;unknown;unknown;A00801;LE PLESSIS-PLACY (BEAUVAL)  - DOUY-LA-RAMEE (LA RAMEE);;;;2014-07-16;;active;511511050;partial
C00942;56S;56S;bus;localBus;;1020;Transdev Brie et 2 Morin;;Brie et 2 Morin;ff9900;000000;0 40 100 0;000000;unknown;unknown;unknown;A02619;MEAUX (Gare SNCF) - FERICY (Gare SNCF);;;;2014-07-16;;active;512512156;true
C00943;2261;2261;bus;localBus;;1002;Transdev Marne-la-Vallée;;Marne-la-Vallée;a50034;ffffff;0 100 46 26;ffffff;unknown;true;true;A00806;ESBLY (Gare)  - CHESSY (Gare RER);;;;2014-07-16;;active;510510057;partial
C00951;70;70;bus;localBus;;1020;Transdev Brie et 2 Morin;;Brie et 2 Morin;69bf80;ffffff;45 0 33 25;ffffff;unknown;unknown;unknown;A00814;VAUCOURTOIS - SERRIS (RER);;;;2014-07-16;;active;512512070;true
C00953;B;B;bus;regionalBus;;1019;Transdev Marne-et-Ourcq;;Meaux et Ourcq;fbd804;000000;0 14 98 2;000000;unknown;unknown;unknown;A00816;MEAUX (Service Urabin)  - MEAUX;;;;2014-07-16;;active;511511001;partial
C00960;Express 67;67EX;bus;expressBus;;1020;Transdev Brie et 2 Morin;;Brie et 2 Morin;3bb2ff;000000;77 30 0 0;000000;unknown;unknown;unknown;A00825;LA FERTE-SOUS-JOUARRE (GARE ROUTIERE)  - ROISSY-EN-FRANCE (ROISSY POLE RER);;;;2014-07-16;;active;512512067;true
C00969;4438;4438;bus;;;1018;Francilité Ouest Essonne;;Essonne Sud Ouest;be418e;ffffff;0 66 25 25;ffffff;unknown;unknown;unknown;A00834;TORFOU (EGLISE)  - ETRECHY (GARE);;;;2014-07-16;;active;524524014;partial
C00974;4412;4412;bus;;;1018;Francilité Ouest Essonne;;Essonne Sud Ouest;ff0000;ffffff;0 100 100 0;ffffff;unknown;unknown;unknown;A00839;MONNERVILLE (Poste)  - DOURDAN (Champ de course);;;;2014-07-16;;active;524524012;partial
C00984;4409;4409;bus;;;1018;Francilité Ouest Essonne;;Essonne Sud Ouest;98d4e2;000000;33 6 0 11;000000;unknown;unknown;unknown;A00849;ETRECHY (GARE RER)  - ETAMPES (GARE RER);;;;2014-07-16;;active;524524050;partial
C01003;3453;3453;bus;;;1026;Transdev Pays de Fontainebleau;;Fontainebleau - Moret;ff5a00;000000;0 53 78 0;000000;unknown;true;true;A02830;Auvers Noisy sur Ecole <=> Gare routière La Chapelle la Reine;;;;2014-07-16;;active;516516003;partial
C01006;3557;3557;bus;;;1031;Transdev Vallée du Loing;;Vallée du Loing - Nemours;640082;ffffff;75 100 0 0;ffffff;unknown;true;true;A00870;LA CHAPELLE-LA-REINE (GARE ROUTIERE)  - GARENTREVILLE (GARENTREVILLE);;;;2014-07-16;;active;517517006;partial
C01011;3455;3455;bus;;;1026;Transdev Pays de Fontainebleau;;Fontainebleau - Moret;a50034;ffffff;0 100 46 26;ffffff;unknown;true;true;A00875;CHAMPAGNE-SUR-SEINE (FONTAINEROUX)  - LA CHAPELLE-LA-REINE (GARE ROUTIEZE);;;;2014-07-16;;active;516516013;partial
C01043;3204;3204;bus;localBus;;1030;Francilité Grand Provinois;;Provinois - Brie et Seine;f49fb3;000000;0 47 11 0;000000;false;false;false;A00896;NANGIS (COLLEGE BARTHELEMY)  - MORMANT - LIEUSAINT (GARE);;;;2014-07-16;;active;514514114;unknown
C01049;29A;29A;bus;localBus;;1020;Transdev Brie et 2 Morin;;Brie et 2 Morin;cccc00;ffffff;0 0 100 20;ffffff;false;false;false;A00902;COULOMMIERS (GAMBETTA)  - LA FERTE-GAUCHER (COLLEGE JEAN CAMPIN);;;;2014-07-16;;active;512512029;true
C01052;3132;3132;bus;localBus;;1025;Keolis Portes et Val de Brie;;Pays Briard;008c5a;ffffff;100 0 36 45;ffffff;false;true;true;A00905;GUIGNES (EGLISE)  - NANGIS (LYCEE HENRI BECQUEREL);;;https://data.iledefrance-mobilites.fr/api/explore/v2.1/catalog/datasets/referentiel-des-lignes/files/997d58b71c116d153c97b3800b2fbf97;2014-07-16;;active;513513032;partial
C01071;TVM;TVM;bus;highFrequencyBus;;100;RATP;;;216eb4;ffffff;82 39 0 30;ffffff;true;true;true;A00924;TVM;;;;2014-07-16;;active;100100014;true
C01072;20;20;bus;;;100;RATP;;;ff5a00;000000;0 65 100 0;000000;true;true;true;A00926;20;;;;2014-07-16;;active;100100020;partial
C01086;43;43;bus;;;100;RATP;;;ff1400;ffffff;0 92 100 0;ffffff;true;true;true;A00940;43;;;;2014-07-16;;active;100100043;false
C01097;61;61;bus;;;100;RATP;;;00643c;ffffff;100 0 37 61;ffffff;true;true;true;A00951;61;;;;2014-07-16;;active;100100061;partial
C01103;67;67;bus;;;100;RATP;;;ff82b4;000000;0 49 29 0;000000;true;true;true;A00957;67;;;;2014-07-16;;active;100100067;false
C01120;88;88;bus;;;100;RATP;;;d2d200;000000;0 0 100 18;000000;true;true;true;A00974;88;;;;2014-07-16;;active;100100088;false
C01127;96;96;bus;;;100;RATP;;;dc9600;000000;0 32 100 14;000000;true;true;true;A00981;96;;;;2014-07-16;;active;100100096;true
C01135;106;106;bus;;;100;RATP;;;ff1400;ffffff;0 92 100 0;ffffff;true;true;true;A00990;106;;;;2014-07-16;;active;100100106;false
C01136;107;107;bus;;;100;RATP;;;ff82b4;000000;0 49 29 0;000000;true;true;true;A00991;107;;;;2014-07-16;;active;100100107;false
C01137;108;108;bus;;;100;RATP;;;ff82b4;000000;0 49 29 0;000000;true;true;true;A00992;108;;;;2014-07-16;;active;100100108;false
C01147;118;118;bus;;;100;RATP;;;dc9600;000000;0 32 100 14;000000;true;true;true;A01002;118;;;;2014-07-16;;active;100100118;false
C01148;119;119;bus;;;100;RATP;;;ffbe00;000000;0 25 100 0;000000;true;true;true;A01003;119;;;;2014-07-16;;active;100100119;true
C01149;120;120;bus;;;100;RATP;;;d282be;000000;0 38 9 18;000000;unknown;true;true;A01004;120;;;;2014-07-16;;active;100100120;false
C01161;133;133;bus;;;100;RATP;;;82dc73;000000;41 0 48 14;000000;true;true;true;A01016;133;;;;2014-07-16;;active;100100133;false
C01165;139;139;bus;;;100;RATP;;;ff5a00;000000;0 65 100 0;000000;true;true;true;A01020;139;;;;2014-07-16;;active;100100139;true
C01175;151;151;bus;;;100;RATP;;;a0006e;ffffff;0 100 32 37;ffffff;true;true;true;A01031;151;;;;2014-07-16;;active;100100151;false
C01182;159;159;bus;;;100;RATP;;;640082;ffffff;23 100 0 49;ffffff;true;true;true;A01038;159;;;;2014-07-16;;active;100100159;false
C01190;169;169;bus;;;100;RATP;;;82dc73;000000;41 0 48 14;000000;true;true;true;A01048;169;;;;2014-07-16;;active;100100169;false
C01201;180;180;bus;;;100;RATP;;;6e6e00;ffffff;0 0 100 57;ffffff;true;true;true;A01059;180;;;;2014-07-16;;active;100100180;false
C01202;181;181;bus;;;100;RATP;;;6e5b1e;ffffff;0 17 73 57;ffffff;true;true;true;A01060;181;;;;2014-07-16;;active;100100181;true
C01203;182;182;bus;;;100;RATP;;;a0006e;ffffff;0 100 32 37;ffffff;true;true;true;A01061;182;;;;2014-07-16;;active;100100182;false
C01207;186;186;bus;;;100;RATP;;;a0006e;ffffff;0 100 32 37;ffffff;true;true;true;A01065;186;;;;2014-07-16;;active;100100186;false
C01211;190;190;bus;;;100;RATP;;;6e5b1e;ffffff;0 17 73 57;ffffff;true;true;true;A01069;190;;;;2014-07-16;;active;100100190;false
C01216;196;196;bus;;;100;RATP;;;dc9600;000000;0 32 100 14;000000;true;true;true;A01074;196;;;;2014-07-16;;active;100100196;true
C01226;212;212;bus;;;100;RATP;;;82c8e6;000000;43 13 0 10;000000;true;true;true;A01084;212;;;;2014-07-16;;active;100100212;true
C01249;261;261;bus;;;100;RATP;;;ff1400;ffffff;0 92 100 0;ffffff;true;true;true;A01108;261;;;;2014-07-16;;active;100100261;false
C01263;286;286;bus;;;100;RATP;;;d282be;000000;0 38 9 18;000000;true;true;true;A01123;286;;;;2014-07-16;;active;100100286;true
C01264;289;289;bus;;;100;RATP;;;a0006e;ffffff;0 100 32 37;ffffff;true;true;true;A01124;289;;;;2014-07-16;;active;100100289;false
C01266;291;291;bus;;;100;RATP;;;bf9000;000000;0 25 100 25;000000;true;true;true;A01126;291;;;;2014-07-16;;active;100100291;false
C01272;301;301;bus;;;100;RATP;;;d2d200;000000;0 0 100 18;000000;true;true;true;A01132;301;;;;2014-07-16;;active;100100301;true
C01292;340;340;bus;;;100;RATP;;;dc9600;000000;0 32 100 14;000000;true;true;true;A01150;340;;;;2014-07-16;;active;100100340;false
C01294;341;341;bus;;;100;RATP;;;ffbe00;000000;0 25 100 0;000000;true;true;true;A01151;341;;;;2014-07-16;;active;100100341;false
C01305;361;361;bus;;;100;RATP;;;0055c8;ffffff;100 57 0 22;ffffff;true;true;true;A01163;361;;;;2014-07-16;;active;100100361;false
C01309;370;370;bus;;;100;RATP;;;82c8e6;000000;43 13 0 10;000000;true;true;true;A01168;370;;;;2014-07-16;;active;100100370;false
C01310;372;372;bus;;;100;RATP;;;ffbe00;000000;0 25 100 0;000000;unknown;true;true;A01169;372;;;;2014-07-16;;active;100100372;partial
C01315;389;389;bus;;;100;RATP;;;0055c8;ffffff;100 57 0 22;ffffff;true;true;true;A01174;389;;;;2014-07-16;;active;100100389;false
C01322;399;399;bus;;;100;RATP;;;82c8e6;000000;43 13 0 10;000000;true;true;true;A01182;399;;;;2014-07-16;;active;100100399;true
C01337;L'AUDONIENNE;AUDONIE;bus;;;100;RATP;;;df9ab1;000000;0 31 20 13;000000;false;false;true;A01203;537 (l'Audonienne);;;;2014-07-16;;active;100100537;false
C01342;TRANSPORT URBAIN BONDYNOIS;TUB;bus;;;100;RATP;;;8e6538;ffffff;0 28 60 45;ffffff;false;false;false;A01217;546 (TUB);;;;2014-07-16;;active;100100546;false
C01367;V6;V6;bus;;;100;RATP;;;79bb92;000000;35 0 22 27;000000;true;false;false;A01240;593 (Valouette V6);;;;2014-07-16;;active;100100593;false
C01374;4;4;metro;;;100;RATP;;;a0006e;ffffff;26 85 0 0;ffffff;false;unknown;unknown;A01537;4;;;https://data.iledefrance-mobilites.fr/api/explore/v2.1/catalog/datasets/referentiel-des-lignes/files/827ff49af57d362f6a7c5f2d1022528c;2014-07-16;;active;100110004;partial
C01380;10;10;metro;;;100;RATP;;;c9910d;000000;0 28 94 21;000000;false;unknown;unknown;A01543;10;;;https://data.iledefrance-mobilites.fr/api/explore/v2.1/catalog/datasets/referentiel-des-lignes/files/4adaa198c6e4212d9f8bfe0e744ba857;2014-07-16;;active;100110010;false
C01384;14;14;metro;;;100;RATP;;;62259d;ffffff;38 77 0 38;ffffff;true;unknown;unknown;A01547;14;;;https://data.iledefrance-mobilites.fr/api/explore/v2.1/catalog/datasets/referentiel-des-lignes/files/7b99df056fae694cd8d96c160696d757;2014-07-16;;active;100110014;true
C01388;ORLYVAL;ORLYVAL;rail;railShuttle;;100;RATP;;;5ec5ed;ffffff;60 17 0 7;ffffff;true;unknown;unknown;A01551;ORLYVAL;;;;2014-07-16;;active;100110200;unknown
C01389;T1;T1;tram;;;100;RATP;;;003ca6;ffffff;100 64 0 35;ffffff;true;unknown;unknown;A01191;T1;;;https://data.iledefrance-mobilites.fr/api/explore/v2.1/catalog/datasets/referentiel-des-lignes/files/f08f0e7ac27b864d4b38160465794b0f;2014-07-16;;active;100112011;true
C01400;N31;N31;bus;nightBus;;100;RATP;;;ff82b4;000000;0 49 29 0;000000;unknown;true;true;A01251;N31;;;;2014-07-16;;active;100987759;false
C01406;N43;N43;bus;nightBus;;100;RATP;;;ff5a00;ffffff;0 65 100 0;ffffff;unknown;true;true;A01257;N43;;;;2014-07-16;;active;100987766;false
C01414;N02;N02;bus;nightBus;;100;RATP;;;ff1400;ffffff;0 92 100 0;ffffff;true;true;true;A01265;N02;;;;2014-07-16;;active;100987776;false
C01417;N15;N15;bus;nightBus;;100;RATP;;;ffbe00;000000;0 25 100 0;000000;unknown;true;true;A01268;N15;;;;2014-07-16;;active;100987782;false
C01431;Filéo Sarcelles (sur réservation);Filéo SAR;bus;demandAndResponseBus;;1028;Keolis Roissy Pays de France Ouest;;Roissy Ouest;006db8;ffffff;100 41 0 28;ffffff;unknown;false;false;A00244;Filéo Sarcelles;Réservation obligatoire;Réserver votre trajet par téléphone au 01.74.37.24.77 ou en ligne via notre site internet www.fileo.com ou téléchargez notre application Fileo.;;2014-07-16;;active;116295001;partial
C01433;Filéo Villiers-le-Bel (sur réservation);Filéo VLB;bus;demandAndResponseBus;;1028;Keolis Roissy Pays de France Ouest;;Roissy Ouest;f69fb3;000000;0 35 27 4;000000;unknown;false;false;A00246;Filéo - villiers le bel - Roissypole;Réservation obligatoire;Réserver votre trajet par téléphone au 01.74.37.24.77 ou en ligne via notre site internet www.fileo.com ou téléchargez notre application Fileo.;;2014-07-16;;active;116295004;partial
C01453;3241;3241;bus;localBus;;1030;Francilité Grand Provinois;;Provinois - Brie et Seine;f49fb3;000000;0 47 11 0;000000;false;false;false;A01306;FONTAINE-FOURCHES (Place Mérot) - PROVINS (Gare Routière);;;;2014-07-16;;active;514514130;unknown
C01454;3243;3243;bus;localBus;;1030;Francilité Grand Provinois;;Provinois - Brie et Seine;f49fb3;000000;0 47 11 0;000000;false;false;false;A01306;FONTAINE-FOURCHES (Place Mérot) - PROVINS (Gare Routière);;;;2014-07-16;;active;514514132;unknown
C01463;3258;3258;bus;localBus;;1030;Francilité Grand Provinois;;Provinois - Brie et Seine;8ad3de;000000;44 0 12 0;000000;false;false;false;A01307;FONTAINE-FOURCHES (CALVAIRE)  - MONTEREAU-FAUT-YONNE (GARE SNCF);;;;2014-07-16;;active;514514137;unknown
C01464;3202;3202;bus;regionalBus;;1030;Francilité Grand Provinois;;Provinois - Brie et Seine;006fb6;ffffff;100 54 0 0;ffffff;unknown;false;false;A01307;FONTAINE-FOURCHES (CALVAIRE)  - MONTEREAU-FAUT-YONNE (GARE SNCF);;;;2014-07-16;;active;514514102;unknown
C01467;3252;3252;bus;localBus;;1030;Francilité Grand Provinois;;Provinois - Brie et Seine;7ac597;000000;54 0 54 0;000000;false;false;false;A01307;FONTAINE-FOURCHES (CALVAIRE)  - MONTEREAU-FAUT-YONNE (GARE SNCF);;;;2014-07-16;;active;514514141;unknown
C01490;7803;7803;bus;localBus;;1036;Francilité Express Ouest;;Lignes Île-de-France Ouest;3c91dc;ffffff;69 34 0 0;ffffff;false;true;true;A01330;NANTERRE (Plainchamp)  - MONTIGNY-LE-BRETONNEUX (St Quentin SNCF);;;https://data.iledefrance-mobilites.fr/api/explore/v2.1/catalog/datasets/referentiel-des-lignes/files/703a03b129791f5d1458d8be604d0224;2014-07-16;;active;213213036;unknown
C01492;40;40;bus;localBus;;1012;Keolis Argenteuil Boucles de Seine;;Argenteuil - Boucles de Seine;ffbe00;000000;0 19 100 0;000000;false;unknown;unknown;A01332;SURESNES (POMPIDOU)  - RUEIL-MALMAISON (DANIELOU);;;;2014-07-16;;active;000533040;partial
C01502;3262;3262;bus;localBus;;1030;Francilité Grand Provinois;;Provinois - Brie et Seine;f49fb3;000000;0 47 11 0;000000;unknown;false;partial;A01343;PROVINS (VILLE HAUTE)  - LA FERTE-GAUCHER (PROMENADES);;;;2014-07-16;;active;514514003;unknown
C01503;3215;3215;bus;localBus;;1030;Francilité Grand Provinois;;Provinois - Brie et Seine;008b5b;ffffff;100 0 34 45;ffffff;unknown;false;partial;A01344;JOUY-LE-CHATEL (Le Corbier)  - NANGIS (Lycée Henri Becquerel);;;;2014-07-16;;active;514514005;unknown
C01513;3246;3246;bus;localBus;;1030;Francilité Grand Provinois;;Provinois - Brie et Seine;8d653d;ffffff;0 30 100 54;ffffff;unknown;false;partial;A01354;PROVINS (VILLE HAUTE)  - NANGIS (LYCEE HENRI BECQUEREL);;;;2014-07-16;;active;514514046;unknown
C01517;3208;3208;bus;regionalBus;;1030;Francilité Grand Provinois;;Provinois - Brie et Seine;b94e9a;000000;26 85 0 0;000000;unknown;false;partial;A01361;PROVINS (GARE SNCF)  - PROVINS (GARE SNCF);;;;2014-07-16;;active;514514121;unknown
C01524;5120;5120;bus;;;1023;Francilité Saint-Quentin-en-Yvelines;;Saint-Quentin-en-Yvelines;00a092;ffffff;82 0 54 0;ffffff;true;true;true;A01364;LA VERRIERE (GARE)  - TRAPPES (Pissaloup);;;;2014-07-16;;active;529529410;partial
C01526;5122;5122;bus;;;1023;Francilité Saint-Quentin-en-Yvelines;;Saint-Quentin-en-Yvelines;82dc73;000000;54 0 54 0;000000;false;true;true;A01366;LA VERRIERE (SNCF)  - ELANCOURT (Les Cotes);;;;2014-07-16;;active;529529412;true
C01530;5107;5107;bus;regionalBus;;1023;Francilité Saint-Quentin-en-Yvelines;;Saint-Quentin-en-Yvelines;f58f53;000000;0 53 78 0;000000;true;true;true;A01370;TRAPPES (Trappes Gare)  - ELANCOURT - PLAISIR - LA VERRIERE (La Verrière Gare);;;;2014-07-16;;active;529529417;partial
C01538;5145;5145;bus;regionalBus;;1023;Francilité Saint-Quentin-en-Yvelines;;Saint-Quentin-en-Yvelines;d2d200;000000;14 0 100 11;000000;true;true;true;A02690;MONTIGNY Saint-Quentin Gare / Saint-Rémy-Lès-Chevreuse Gare;;;;2014-07-16;;active;529529464;partial
C01546;Magical Shuttle Orly;Orly;bus;expressBus;;231;Magical Shuttle;;;3bb2ff;000000;77 30 0 0;000000;false;unknown;unknown;A01382;Desserte Disney : CHESSY (RER)  - TORCY - ORLY (AEROPORT);;;;2014-07-16;;active;231231001;partial
C01559;95-46;95-46;bus;localBus;;1007;Transdev Vexin;;Vexin;6e6e00;ffffff;0 0 100 57;ffffff;unknown;unknown;unknown;A01404;MAGNY-EN-VEXIN (GARE ROUTIERE)  - CHARS (LEP);;;;2014-07-16;;active;501501046;true
C01562;9101;9101;bus;;;1015;Keolis Val d'Yerres Val de Seine;;Val d'Yerres Val de Seine;3bb2ff;ffffff;77 30 0 0;ffffff;false;true;true;A01408;BRUNOY (GARE)  - EVRY (Gare Evry-Courcouronnes);;;https://data.iledefrance-mobilites.fr/api/explore/v2.1/catalog/datasets/referentiel-des-lignes/files/7d1f7f0d43948b5a4455f525eb564418;2014-07-16;;active;520520201;partial
C01563;9102;9102;bus;expressBus;;1018;Francilité Ouest Essonne;;Essonne Sud Ouest;3bb2ff;ffffff;77 30 0 0;ffffff;false;unknown;true;A01409;DOURDAN (GARE RER)  - ORSAY (RER);;;;2014-07-16;;active;524524002;partial
C01603;I;I;bus;regionalBus;;1011;RD Mantois;;Mantois;006fb6;ffffff;100 54 0 0;ffffff;true;partial;partial;A01455;MANTES LA VILLE Graviers Brosses - MANTES LA VILLE Gare Routière;;;;2014-07-16;;active;000535409;unknown
C01607;N;N;bus;localBus;;1011;RD Mantois;;Mantois;7ac597;000000;54 0 54 0;000000;unknown;partial;partial;A01459;GUERVILLE Senneville Place - MANTES LA JOLIE Gare Routière;;;;2014-07-16;;active;000535114;unknown
C01612;X;X;bus;regionalBus;;1011;RD Mantois;;Mantois;8d653d;ffffff;0 30 100 54;ffffff;unknown;partial;partial;A01462;MANTES LA JOLIE Henri Clérisse - MANTES LA JOLIE Gare Routière;;;;2014-07-16;;active;000535024;unknown
C01613;F;F;bus;regionalBus;;1011;RD Mantois;;Mantois;008b5b;ffffff;100 0 83 24;ffffff;unknown;unknown;unknown;A01464;MANTES LA JOLIE Gare Routière - MANTES-LA-JOLIE Gare Routière (via Sangle);;;;2014-07-16;;active;000535027;unknown
C01615;4221;4221;bus;;;1038;TISSE;;Evry Centre Essonne;a0981a;ffffff;0 5 84 37;ffffff;unknown;unknown;unknown;A00596;STE GENEVIEVE DES BOIS (ZI Croix Blanche) - GRIGNY (Tuileries);;;https://data.iledefrance-mobilites.fr/api/explore/v2.1/catalog/datasets/referentiel-des-lignes/files/5f079f93da9ea29e78e05634e60e5952;2014-07-16;;active;400300510;partial
C01627;4214;4214;bus;;;1038;TISSE;;Evry Centre Essonne;ff82b4;000000;0 49 29 0;000000;true;unknown;unknown;A01477;EVRY-COURCOURONNES (Gare d'Evry-Courcouronnes Centre) - LE PLESSIS-PATE (La Tremblaie) - VERT LE GRAND Centre de Traitement;;;https://data.iledefrance-mobilites.fr/api/explore/v2.1/catalog/datasets/referentiel-des-lignes/files/9b6196fb3961dcf5ef56844bdfdfadd3;2014-07-16;;active;400400414;partial
C01634;N130;N130;bus;nightBus;;1020;Transdev Brie et 2 Morin;;Brie et 2 Morin;ff582a;ffffff;0 65 84 0;ffffff;true;unknown;unknown;A01483;N130 - NOCTILIEN - Paris Gare de l'Est - Chessy Gare RER;;;;2014-07-16;;active;800987004;true
C01651;S1;S1;bus;;;1013;RD Saclay;;Paris Saclay;ffed00;000000;0 7 100 0;000000;false;unknown;unknown;A02382;PALAISEAU - ORSAY - VILLEBON;;;;2014-07-16;;active;526526026;unknown
C01663;4502;4502;bus;;;1033;Transdev Cœur Essonne;;Cœur d’Essonne;a50034;ffffff;5 100 48 22;ffffff;true;true;true;A02539;FLEURY MEROGIS MAISON D'ARRET - PORTE D'ORLEANS;;;;2014-07-16;;active;525525109;true
C01674;1222;1222;bus;regionalBus;;1040;Francilité Seine et Oise;;Cergy-Pontoise Confluence;0055c8;ffffff;75 100 0 0;ffffff;unknown;unknown;unknown;A02800;ligne A2 - Achères - Poissy;;;;2014-07-16;;active;212212024;partial
C01680;35;35;bus;;;100;RATP;;;82dc73;000000;41 0 48 14;000000;true;true;true;A01758;35;;;;2014-07-16;;active;100100035;true
C01685;1221;1221;bus;regionalBus;;1040;Francilité Seine et Oise;;Cergy-Pontoise Confluence;f28c1c;000000;0 42 88 5;000000;true;unknown;unknown;A01321;ACHERES (GARE)  - ACHERES (GARE);;;;2014-07-16;;active;212212024;partial
C01687;6131;6131;bus;;;1017;Keolis Vélizy Vallée de la Bièvre;;Vélizy Vallées;82c8e6;000000;44 0 12 0;000000;true;true;true;A00038;Viroflay (Chaville Velizy RER C) - Velizy Villacoublay (Velizy 2);;;;2014-07-16;;active;527527007;partial
C01688;6177;6177;bus;;;1017;Keolis Vélizy Vallée de la Bièvre;;Vélizy Vallées;ff82b4;000000;0 47 11 0;000000;false;unknown;unknown;A00446;BUC - CHATENAY-MALABRY;;;;2014-07-16;;active;527527037;partial
C01697;4602;4602;bus;;;1013;RD Saclay;;Paris Saclay;ffbe00;000000;0 19 100 0;000000;true;true;true;A02960;Massy-Ulis via Courtaboeuf - RRB Courtaboeuf;;;;2014-07-16;;active;526526023;unknown
C01704;4572;4572;bus;localBus;;1033;Transdev Cœur Essonne;;Cœur d’Essonne;00643c;ffffff;100 24 87 0;ffffff;unknown;true;true;A00079;STE-GENEVIEVE-DES-BOIS (GARE RER)  - STE-GENEVIEVE-DES-BOIS (L SAMPAIX);;;;2014-07-16;;active;525525092;true
C01705;4573;4573;bus;localBus;;1033;Transdev Cœur Essonne;;Cœur d’Essonne;ff5a00;000000;0 53 78 0;000000;unknown;true;true;A00079;STE-GENEVIEVE-DES-BOIS (GARE RER)  - STE-GENEVIEVE-DES-BOIS (L SAMPAIX);;;;2014-07-16;;active;525525093;true
C01709;30-47;30-47;bus;localBus;;1041;Francilité Val Parisis;;Val Parisis;e40520;ffffff;0 100 91 0;ffffff;true;true;true;A01770;HERBLAY (Gare) - HERBLAY (Alouettes);;;;2014-07-16;;active;030030047;unknown
C01726;3259;3259;bus;localBus;;1030;Francilité Grand Provinois;;Provinois - Brie et Seine;8d653d;ffffff;0 30 100 54;ffffff;unknown;false;partial;A01361;PROVINS (GARE SNCF)  - PROVINS (GARE SNCF);;;;2014-07-16;;active;514514125;unknown
C01736;N;N;rail;suburbanRailway;;800;SNCF;;Transilien;00b297;ffffff;82 0 54 0;ffffff;false;unknown;unknown;A01847;Transilien N;;;https://data.iledefrance-mobilites.fr/api/explore/v2.1/catalog/datasets/referentiel-des-lignes/files/78201d213a8fc22a54bd4bb3e26cc339;2014-07-16;;active;800852051;unknown
C01741;U;U;rail;suburbanRailway;;800;SNCF;;Transilien;b6134c;ffffff;0 100 46 26;ffffff;false;unknown;unknown;A01855;Transilien U;;;https://data.iledefrance-mobilites.fr/api/explore/v2.1/catalog/datasets/referentiel-des-lignes/files/04762929c9df4a9232485fc301b1fc40;2014-07-16;;active;800855048;unknown
C01746;TER Hauts-de-France;TER;rail;regionalRail;;800;SNCF;;TER;aaaaaa;000000;0 0 0 33;000000;unknown;unknown;unknown;A02173;TER Hauts-de-France (Ligne H ou D/H);;;;2014-07-16;;active;800873005;unknown
C01748;TER Normandie;TER;rail;regionalRail;;800;SNCF;;TER;aaaaaa;000000;0 0 0 33;000000;unknown;unknown;unknown;A02174;TER Normandie (Ligne J);;;;2014-07-16;;active;800874007;unknown
C01764;4321;4321;bus;localBus;;1016;Keolis Val d'Essonne Deux Vallées;;Essonne Sud Est;ff5a00;000000;0 53 78 0;000000;false;unknown;unknown;A00081;BALLANCOURT-SUR-ESSONNE (GARE SNCF)  - ITTEVILLE (EGLISE);;;;2014-07-16;;active;531531009;partial
C01779;2171;2171;bus;;;1029;Keolis Roissy Pays de France Est;;Roissy Est;e0b03b;000000;0 21 74 12;000000;false;true;true;A00198;MITRY-MORY (GARE DE VILLEPARISIS)  - MITRY-MORY (VILLEPARISIS MITRY LE NEUF RER);;;;2014-09-19;;active;014014171;partial
C01786;95-12;95-12;bus;localBus;;1007;Transdev Vexin;;Vexin;ff80ff;000000;0 50 0 0;000000;unknown;unknown;unknown;A02142;Berville Lavoir - Cergy Préfecture;;;;2014-09-22;;active;501501012;true
C01798;2C;2C;bus;localBus;;1011;RD Mantois;;Mantois;c4a4cc;000000;21 38 0 0;000000;unknown;true;true;A00626;2A BONNIERES SUR SEINE Centre Social - MANTES LA JOLIE Gare ou 2B FRENEUSE Ventines - MANTES LA JOLIE Gare ou 2C FRENEUSE Ventines - ROSNY SUR SEINE Collège Sully;;;;2014-11-25;;active;000535002;unknown
C01801;2113;2113;bus;;;1029;Keolis Roissy Pays de France Est;;Roissy Est;fece00;000000;0 19 100 0;000000;true;true;true;A00175;MITRY-MORY (Mitry-Claye RER)  - COMPANS (Ecole Jean de la Fontaine);;;;2014-12-02;;active;014014003;partial
C01804;1515;1515;bus;regionalBus;;1008;Transdev Valmy;;Vallée de Montmorency;00b297;ffffff;82 0 54 0;ffffff;unknown;true;partial;A00282;MONTMORENCY (La Chênée) - GARE D'EPINAY-VILLETANEUSE;;;;2014-12-02;;active;505505015;false
C01806;3702;3702;bus;expressBus;;1003;Transdev Senart;;Sénart;d282be;000000;21 38 0 0;000000;true;true;true;A00739;LIEUSAINT (SENART CENTRE)  - MELUN (PLACE ST JEAN);;;;2014-12-12;;active;519519077;false
C01820;Express 2;02E;bus;expressBus;;1019;Transdev Marne-et-Ourcq;;Meaux et Ourcq;3bb2ff;000000;77 30 0 0;000000;true;unknown;unknown;A02165;Meaux - Melun;;;;2015-04-21;;active;511511202;partial
C01827;2;2;bus;localBus;;111;Mobicité;;Titus;ffbf00;000000;0 25 100 0;000000;false;unknown;unknown;A01778;Titus 2 (jaune);;;;2015-06-02;;active;111593302;unknown
C01836;G;G;bus;localBus;;334;Autocars Dominique;;Paris-Saclay Mobilités;b51f1f;ffffff;0 83 83 29;ffffff;false;unknown;unknown;A01783;G;;;;2015-06-03;;active;111591206;unknown
C01838;5383;5383;bus;;;1037;Transdev Sud Yvelines;;Centre et Sud Yvelines;87d3df;000000;53 31 0 34;ffffff;unknown;false;false;A02177;Briis-sous-Forge - Angervilliers;;;;2015-06-05;;active;530530038;false
C01841;P;P;bus;;REPLACEMENT_LINE_TYPE;800;SNCF;;Transilien;f58f53;000000;0 53 78 0;000000;false;unknown;unknown;A01844;Transilien P;;;https://data.iledefrance-mobilites.fr/api/explore/v2.1/catalog/datasets/referentiel-des-lignes/files/144bda900e4a01a6d3eb26d8e2d9803d;2015-06-05;;active;800850511;unknown
C01846;J;J;bus;;REPLACEMENT_LINE_TYPE;800;SNCF;;Transilien;cec73d;000000;14 0 100 11;000000;false;unknown;unknown;A01852;Transilien J;;;;2015-06-05;;active;800854541;unknown
C01849;A;A;bus;;REPLACEMENT_LINE_TYPE;800;SNCF;100;RER;eb2132;ffffff;0 100 94 0;ffffff;false;unknown;unknown;A01856;RER A;;;https://data.iledefrance-mobilites.fr/api/explore/v2.1/catalog/datasets/referentiel-des-lignes/files/4049307fabd1b0db3fc129d52fbf0b76;2015-06-05;;active;810801541;unknown
C01855;TER Bourgogne - Franche-Comté Bus;TER;bus;;REPLACEMENT_LINE_TYPE;800;SNCF;;TER;aaaaaa;000000;0 0 0 33;000000;false;unknown;unknown;A02171;TER Bourgogne - Franche-Comté (Ligne R);;;;2015-06-05;;active;800871502;unknown
C01863;TER Hauts-de-France;TER;rail;regionalRail;;800;SNCF;;TER;aaaaaa;000000;0 0 0 33;000000;unknown;unknown;unknown;A02181;TER Hauts-de-France (Ligne K);;;;2015-06-05;;active;800873006;unknown
C01872;6243;6243;bus;;;1034;Transdev Versailles;;Grand Versailles;d2d200;000000;0 0 100 18;000000;true;true;true;A02186;FONTENAY-LE-FLEURI;;;;2015-08-18;;active;528528043;false
C01879;2224;2224;bus;localBus;;1002;Transdev Marne-la-Vallée;;Marne-la-Vallée;ff82b4;000000;0 47 11 0;000000;false;true;true;A02184;VAL D'EUROPE - LAGNY-SUR-MARNE;;;;2015-09-04;;active;510510002;partial
C01886;4112;4112;bus;regionalBus;;1015;Keolis Val d'Yerres Val de Seine;;Val d'Yerres Val de Seine;82dc73;ffffff;54 0 54 0;ffffff;false;unknown;unknown;A00488;MONTGERON (Gare RER)  - MONTGERON (GARE RER);;;https://data.iledefrance-mobilites.fr/api/explore/v2.1/catalog/datasets/referentiel-des-lignes/files/f97771ab18e35554f0468c13790f4d03;2015-11-12;;active;520520008;partial
C01951;7812;7812;bus;expressBus;;1037;Transdev Sud Yvelines;;Centre et Sud Yvelines;4d90cd;ffffff;77 30 0 0;ffffff;false;true;true;A02187;RAMBOUILLET - SAINT-QUENTIN-EN-YVELINES (Gare);;;;2016-08-29;;active;530530012;false
C01953;5249;5249;bus;localBus;;1037;Transdev Sud Yvelines;;Centre et Sud Yvelines;f78f4b;000000;0 12 34 8;000000;false;true;true;A02189;LES-ESSARTS-LE-ROI - LA-QUEUE-LEZ-YVELINES;;;;2016-08-29;;active;530530049;false
C01959;3532;3532;bus;;;1031;Transdev Vallée du Loing;;Vallée du Loing - Nemours;640082;ffffff;75 100 0 0;ffffff;false;true;true;A02907;NEMOURS - FONTAINEBLEAU;;;;2016-09-12;;active;517517207;partial
C01961;3535;3535;bus;;;1031;Transdev Vallée du Loing;;Vallée du Loing - Nemours;0055c8;ffffff;100 54 0 0;ffffff;false;true;true;A02909;CHAMPAGNE SUR SEINE - NEMOURS;;;;2016-09-12;;active;517517108;partial
C01965;3511;3511;bus;;;1031;Transdev Vallée du Loing;;Vallée du Loing - Nemours;d282be;000000;21 38 0 0;000000;false;true;true;A02913;BRANSLES - SAINT PIERRE LES NEMOURS;;;;2016-09-12;;active;517517111;partial
C01969;3516;3516;bus;;;1031;Transdev Vallée du Loing;;Vallée du Loing - Nemours;00a092;ffffff;82 0 54 0;ffffff;false;true;true;A02916;BEAUMONT DU GATINAIS - NEMOURS CITE SCOLAIRE;;;;2016-09-12;;active;517517113;partial
C01971;3519;3519;bus;;;1031;Transdev Vallée du Loing;;Vallée du Loing - Nemours;ff1400;ffffff;0 100 94 0;ffffff;false;true;true;A02918;CHATEAU LANDON - SOUPPES-SUR-LOING;;;;2016-09-12;;active;517517114;partial
C01976;4431;4431;bus;;;1018;Francilité Ouest Essonne;;Essonne Sud Ouest;e3b32a;000000;0 21 81 11;000000;false;unknown;unknown;A02445;Lardy - Collège Tillon -Panserot;;;;2016-09-12;;active;524524321;partial
C01983;5235;5235;bus;localBus;;1037;Transdev Sud Yvelines;;Centre et Sud Yvelines;e0b03b;000000;0 20 88 26;ffffff;false;true;true;A02199;FLEXANVILLE - MONTFORT-L'AMAURY;;;;2016-08-29;;active;530530135;false
C01989;5251;5251;bus;localBus;;1037;Transdev Sud Yvelines;;Centre et Sud Yvelines;f78f4b;000000;0 16 39 1;ffffff;false;true;true;A02197;BEYNES Collège Rabelais - BEYNES Ferme de l'Orme;;;;2016-08-29;;active;530530051;false
C02000;259;259;bus;;;100;RATP;;;3c91dc;ffffff;73 34 0 14;ffffff;true;true;true;A02226;SAINT-GERMAIN-EN-LAYE (gare RER) - NANTERRE (Nanterre-Université RER);;;;2016-12-21;;active;100100259;true
C02006;30-49;30-49;bus;localBus;;1041;Francilité Val Parisis;;Val Parisis;3a338a;ffffff;94 91 0 0;ffffff;true;true;true;A02192;FRANCONVILLE (GARE) - FRANCONVILLE (GARE);;;;2017-05-15;;active;030030049;unknown
C02023;4328;4328;bus;localBus;;1016;Keolis Val d'Essonne Deux Vallées;;Essonne Sud Est;d282be;000000;21 38 0 0;000000;unknown;unknown;unknown;A02244;Auvernaux - Mennecy;;;;2017-09-06;;active;531531228;partial
C02040;CitéVal Cormeilles-en-Parisis;CitéVal C;bus;localBus;;1041;Francilité Val Parisis;;;e5377d;ffffff;0 88 14 0;ffffff;unknown;true;true;A02257;CITEVAL Cormeilles-en-Parisis;;;;2017-11-22;;active;030595050;unknown
C02041;CitéVal Franconville;CitéVal F;bus;localBus;;1041;Francilité Val Parisis;;;9fc005;ffffff;46 0 100 1;ffffff;unknown;true;true;A02258;CITEVAL Franconville;;;;2017-11-22;;active;030595051;unknown
C02057;4406;4406;bus;;;1018;Francilité Ouest Essonne;;Essonne Sud Ouest;ceadd2;000000;2 18 0 18;000000;unknown;unknown;unknown;A02277;ETAMPES (HOPITAL) - ST-MARTIN-D'ETAMPES (HOPITAL);;;;2018-01-16;;active;524524031;partial
C02059;27;27;bus;;;1028;Keolis Roissy Pays de France Ouest;;Roissy Ouest;f69fb3;000000;0 35 27 4;000000;false;true;true;A02280;VILLIERS-LE-BEL - ROISSY (AEROVILLE);;;;2017-12-19;;active;116295027;partial
C02067;4417;4417;bus;;;1018;Francilité Ouest Essonne;;Essonne Sud Ouest;83c491;000000;33 0 26 23;000000;false;unknown;unknown;A02439;Estouches - Étampes - HLM Bas;;;;2018-01-16;;active;524524317;partial
C02086;1225;1225;bus;localBus;;1040;Francilité Seine et Oise;;Cergy-Pontoise Confluence;d282be;000000;21 38 0 0;000000;false;true;true;A02289;ST-OUEN-L'AUMONE (LIESSE RER) - CONFLANS-STE-HONORINE (GARE);;;;2018-02-06;;active;059440055;true
C02089;3128;3128;bus;localBus;;1025;Keolis Portes et Val de Brie;;Pays Briard;662d91;ffffff;30 69 0 43;ffffff;false;true;true;A00917;FONTENAY-TRESIGNY (rue bertaux)  - ROZAY-EN-BRIE - COULOMMIERS (cité scolaire);;;https://data.iledefrance-mobilites.fr/api/explore/v2.1/catalog/datasets/referentiel-des-lignes/files/3ae3d2af0070e6c41a958c05c64a02d2;2018-02-07;;active;513513028;partial
C02094;02B;02B;bus;localBus;;1020;Transdev Brie et 2 Morin;;Brie et 2 Morin;e46c0a;000000;0 52 96 11;000000;false;false;false;A02620;VILLENEUVE-LE-COMTE (MAIRIE) - COULOMMIERS (CITE SCOLAIRE);;;;2018-02-22;;active;512512102;true
C02095;02C;02C;bus;localBus;;1020;Transdev Brie et 2 Morin;;Brie et 2 Morin;e46c0a;000000;0 52 96 11;000000;false;false;false;A02621;VILLENEUVE-LE-COMTE (MAIRIE) - COULOMMIERS (CITE SCOLAIRE);;;;2018-02-22;;active;512512202;true
C02108;3140;3140;bus;localBus;;1025;Keolis Portes et Val de Brie;;Pays Briard;c5a3cd;000000;4 20 0 20;000000;false;true;true;A00909;MELUN (place de l'ermitage/gare sncf)  - OZOUER-LE-VOULGIS (les Etards);;;https://data.iledefrance-mobilites.fr/api/explore/v2.1/catalog/datasets/referentiel-des-lignes/files/c3b42aca23e666ecdbb40529646e9f4f;2018-03-08;;active;513513037;partial
C02123;BALADOBUS;BALADOBUS;bus;;SEASONAL_LINE_TYPE;039;SAVAC;;Parc Naturel Régional de la Haute Vallée de Chevreuse;a4be28;ffffff;14 1 79 25;ffffff;false;unknown;unknown;A02290;BALADOBUS;;;;2018-04-09;;active;139578038;unknown
C02124;3148;3148;bus;localBus;;1025;Keolis Portes et Val de Brie;;Pays Briard;ed1c2a;ffffff;0 88 82 7;ffffff;false;true;true;A00460;NOISIEL (R.E.R.)  - BRIE-COMTE-ROBERT (VICTOR HUGO);;;https://data.iledefrance-mobilites.fr/api/explore/v2.1/catalog/datasets/referentiel-des-lignes/files/893819300bab1801538ef2306603e9e9;2018-04-09;;active;513513010;partial
C02129;3;3;bus;;;101;STBC;;Apolo 7;b44a9c;ffffff;0 59 13 30;ffffff;false;unknown;unknown;A00247;CHELLES (Gare SNCF/RER)  - MITRY-MORY (MITRY CLAYE RER);;;;2018-04-26;;active;101361013;false
C02130;3s;3s;bus;;;101;STBC;;Apolo 7;b44a9c;ffffff;0 59 13 30;ffffff;false;unknown;unknown;A00247;CHELLES (Gare SNCF/RER)  - MITRY-MORY (MITRY CLAYE RER);;;;2018-04-26;;active;101361113;false
C02141;1229;1229;bus;localBus;SEASONAL_LINE_TYPE;1040;Francilité Seine et Oise;;Cergy-Pontoise Confluence;82c8e6;000000;44 0 12 0;000000;true;true;true;A02236;NEUVILLE UNIVERSITE (RER) - NEUVILLE-SUR-OISE (ILE DE LOISIRS);;;;2018-05-16;;active;059440429;true
C02144;T;T;bus;localBus;;1012;Keolis Argenteuil Boucles de Seine;;Argenteuil - Boucles de Seine;ff8c57;000000;0 45 66 0;000000;false;unknown;unknown;A00308;CHATOU (Gare RER)  - CHATOU (Gare RER);;;;2018-05-18;;active;000533202;partial
C02146;S4;S4;bus;localBus;;1012;Keolis Argenteuil Boucles de Seine;;Argenteuil - Boucles de Seine;ffbe00;000000;0 19 100 0;000000;true;unknown;unknown;A02261;HOUILLES-CARRIERES (RER) - CHATOU (MAYOLY);;;;2018-05-18;;active;000533105;partial
C02147;S7;S7;bus;localBus;;1012;Keolis Argenteuil Boucles de Seine;;Argenteuil - Boucles de Seine;8cad08;ffffff;19 0 95 32;ffffff;false;unknown;unknown;A00312;SARTROUVILLE (Gare RER/SNCF)  - REUIL-MALMAISON (Gare);;;;2018-05-18;;active;000533007;partial
C02149;B;B;bus;regionalBus;;1012;Keolis Argenteuil Boucles de Seine;;Argenteuil - Boucles de Seine;00643c;ffffff;100 0 83 24;ffffff;false;unknown;unknown;A00312;SARTROUVILLE (Gare RER/SNCF)  - REUIL-MALMAISON (Gare);;;;2018-05-18;;active;000533103;partial
C02151;S5;S5;bus;localBus;;1012;Keolis Argenteuil Boucles de Seine;;Argenteuil - Boucles de Seine;8ce39c;ffffff;45 0 30 0;ffffff;false;unknown;unknown;A00313;HOUILLES (GARE RER)  - HOUILLES (Gare RER);;;;2018-05-18;;active;000533010;partial
C02152;P;P;bus;localBus;;1012;Keolis Argenteuil Boucles de Seine;;Argenteuil - Boucles de Seine;ff8c94;ffffff;0 45 42 0;ffffff;false;unknown;unknown;A02262;HOUILLES-CARRIERES (RER) - BERGES DE MONTESSON;;;;2018-05-18;;active;000533112;partial
C02153;S2;S2;bus;localBus;;1012;Keolis Argenteuil Boucles de Seine;;Argenteuil - Boucles de Seine;d282be;000000;21 38 0 0;000000;false;unknown;unknown;A02262;HOUILLES-CARRIERES (RER) - BERGES DE MONTESSON;;;;2018-05-18;;active;000533112;partial
C02162;76;76;bus;;;1011;RD Mantois;;Mantois;f49fb3;000000;0 47 11 0;000000;unknown;true;true;A00888;BLARU Eglise - BONNIERES SUR SEINE SNCF ou BREVAL Gare - VERNON Saint Adjutor;;;;2018-07-13;;active;000535004;unknown
C02165;11.5;11.5;bus;;;1028;Keolis Roissy Pays de France Ouest;;Roissy Ouest;ceacd2;000000;2 18 0 18;000000;false;true;true;A02246;GOUSSAINVILLE Les Noues RER D - GOUSSAINVILLE Les Coteaux - GOUSSAINVILLE Les Noues RER D;;;;2018-07-13;;active;014014115;partial
C02167;1352;1352;bus;;;1039;Keolis Nord Val d’Oise;;Haut Val d'Oise;c04191;ffffff;0 66 24 25;ffffff;false;true;true;A02250;Chaumontel (Cyprien Rethore) - Luzarches (Gerard de Nerval);;;;2018-07-13;;active;014014121;partial
C02169;5114;5114;bus;;;1023;Francilité Saint-Quentin-en-Yvelines;;Saint-Quentin-en-Yvelines;d282be;000000;21 38 0 0;000000;false;unknown;unknown;A02286;PLAISIR-GRIGNON (GARE) - TRAPPES (PISSALOUP);;;;2018-07-13;;active;529529006;true
C02170;5113;5113;bus;;;1023;Francilité Saint-Quentin-en-Yvelines;;Saint-Quentin-en-Yvelines;6e6e00;ffffff;19 0 100 33;ffffff;false;true;true;A02285;PLAISIR-GRIGNON (GARE) - PLAISIR (CENTRE);;;;2018-07-13;;active;529529009;true
C02179;A01 Paris Porte Maillot;A01 PPM;bus;;;503;Aéroport Paris-Beauvais / SAGEB;;Aérobus;0000cc;ffffff;100 100 0 20;ffffff;false;false;false;;;;;;2018-08-01;;active;503503001;unknown
C02196;29M;29M;bus;localBus;;1020;Transdev Brie et 2 Morin;;Brie et 2 Morin;cccc00;ffffff;0 0 100 20;ffffff;false;false;false;A02632;COULOMMIERS (GAMBETTA) - LA FERTE-GAUCHER (COLLEGE JEAN CAMPIN);;;;2018-08-22;;active;512512229;true
C02205;PC;PC;bus;;;100;RATP;;;0055c8;ffffff;100 57 0 22;ffffff;true;true;true;A02301;PC;;;;2018-09-25;;active;100100098;partial
C02206;95-48;95-48;bus;localBus;;1007;Transdev Vexin;;Vexin;ff1400;ffffff;0 92 100 0;ffffff;unknown;unknown;unknown;A01406;BRAY ET LÛ - Place du 19 mai 1962 - PONTOISE – Hôpital;;;;2018-10-12;;active;501501048;true
C02217;5124;5124;bus;regionalBus;;1023;Francilité Saint-Quentin-en-Yvelines;;Saint-Quentin-en-Yvelines;d2d200;000000;14 0 100 11;000000;unknown;unknown;unknown;A02675;Circulaire La Verrière Gare - Maurepas - Pariwest - Coignière Gare - La Verrière Gare;;;;2018-11-23;;active;529529013;partial
C02222;63;63;bus;localBus;;1010;Keolis Seine et Oise Est;;Poissy - Les Mureaux;ff5a00;000000;0 53 78 0;000000;false;true;true;A02308;Verneuil (Les Clairières) - Poissy (Le Corbusier / Notre-Dame);;;;2018-11-27;;active;534534614;partial
C02225;1255;1255;bus;;;1040;Francilité Seine et Oise;;Cergy-Pontoise Confluence;ff5a00;000000;0 53 78 0;000000;unknown;unknown;unknown;A02798;Ligne 5S - Conflans-Sainte-Honorine - Saint-Germain-en-Laye - Léonard de Vinci;;;;2019-01-07;;active;212212005;true
C02226;1204;1204;bus;;;1040;Francilité Seine et Oise;;Cergy-Pontoise Confluence;00643c;ffffff;100 0 83 24;ffffff;unknown;unknown;unknown;A02306;CONFLANS STE HONORINE - ACHERES - ST GERMAIN EN LAY;;;;2019-01-07;;active;212212004;partial
C02233;Os;Os;bus;;;1019;Transdev Marne-et-Ourcq;;Meaux et Ourcq;d3c90d;000000;23 11 96 1;000000;unknown;unknown;unknown;A02650;Meaux - Jean Rose <> Poincy - Mairie;;;;2019-01-18;;active;511511205;partial
C02236;E;E;bus;;;1019;Transdev Marne-et-Ourcq;;Meaux et Ourcq;f37d2e;000000;0 49 81 5;000000;unknown;unknown;unknown;A00818;MEAUX (Service Urbain);;;;2019-01-21;;active;511511003;partial
C02240;500;500;bus;;;003;N4 Mobilités;;Sit'bus;007a45;ffffff;100 0 43 52;ffffff;unknown;unknown;unknown;A00029;ROISSY-EN-BRIE (Manoir)  - NOISIEL (RER);;;;2019-02-08;;active;003351500;false
C02248;Express A14 Bonnières;EXP A14 B;bus;expressBus;;1011;RD Mantois;;Mantois;3bb2ff;000000;77 30 0 0;000000;unknown;true;true;A01396;A14 MANTES LA JOLIE Hôpital ou BONNIERES SUR SEINE La Vallée Française - LA DEFENSE Terminal Jules Verne;;;;2019-03-06;;active;000535201;unknown
C02260;Soirée Draveil;Soir;bus;demandAndResponseBus;;1015;Keolis Val d'Yerres Val de Seine;;Val d'Yerres Val de Seine;662583;ffffff;22 72 0 49;ffffff;unknown;unknown;unknown;A02340;TAD DRAVEIL/ MONTGERON/ VIGNEUX SUR SEINE;Bus Soirée;"À la gare de Juvisy-sur-Orge (Gare Routière Seine), le bus m’attend à la sortie de la Gare ! Pas besoin de réserver ! 
- Je valide mon titre de transport
- J’indique au conducteur mon arrêt de descente
- L'itinéraire est adapté en fonction des demandes";https://data.iledefrance-mobilites.fr/api/explore/v2.1/catalog/datasets/referentiel-des-lignes/files/f1007f246db35ad1515cfc9d357f8b5b;2019-07-22;;active;520520015;partial
C02271;4435;4435;bus;;;1018;Francilité Ouest Essonne;;Essonne Sud Ouest;83c491;000000;33 0 26 23;000000;unknown;unknown;unknown;A02442;La Ferté-Alais - Ecole Vieilles Vignes -Cerny - Lycée Montmirault;;;;2019-08-22;;active;524524325;partial
C02273;3662;3662;bus;;;1009;Transdev Melun;;Grand Melun;640082;ffffff;75 100 0 0;ffffff;unknown;unknown;unknown;A02516;Ecole Fercot Saint Fargeau Ponthierry - Place des Trois Horloges - Melun;;;;2019-08-26;;active;518518061;partial
C02286;6214;6214;bus;localBus;;1034;Transdev Versailles;;Grand Versailles;3c91dc;ffffff;69 34 0 0;ffffff;true;true;true;A02348;VERSAILLES (EUROPE) - VERSAILLES (PRE-AUX-BOIS);;;;2019-08-28;;active;528528010;partial
C02289;3427;3427;bus;;;1026;Transdev Pays de Fontainebleau;;Fontainebleau - Moret;a50034;ffffff;0 100 46 26;ffffff;unknown;true;true;A02349;ST SAUVEUR (ECOLE) - PERTHES EN GÂTINAIS (COLLEGE);;;;2019-08-29;;active;516516113;partial
C02295;TàD Nangis / Saint-Just;TàD;bus;demandAndResponseBus;;1030;Francilité Grand Provinois;;Provinois - Brie et Seine;ffcc30;000000;0 19 100 0;000000;unknown;false;false;A02329;TAD Saint Just en Brie - Nangis;Réservation obligatoire;Ligne sous déclenchement : Réservation Obligatoire jusqu'à la veille 16h;;2019-09-13;;active;514199117;unknown
C02304;Chavilbus;ChavilBus;bus;;;039;SAVAC;;Chavilbus;c99eff;000000;21 38 0 0;000000;unknown;unknown;unknown;A02212;Chavilbus;;;;2019-10-24;;active;111592407;unknown
C02310;Bus de subsitution du métro 1;BUSM1;bus;;REPLACEMENT_LINE_TYPE;100;RATP;1035;;ffbe00;000000;0 19 100 0;000000;unknown;true;true;A01534;1;;;https://data.iledefrance-mobilites.fr/api/explore/v2.1/catalog/datasets/referentiel-des-lignes/files/8e63c8180c0378991029ec5141e4c6a5;2019-11-20;;active;100100701;unknown
C02316;6;6;bus;;;1013;RD Saclay;;Paris Saclay;8a5d99;ffffff;44 67 0 0;ffffff;false;true;true;A02330;Campus d'Orsay Jean Monnet - Gare d'Orsay Ville - L'Yvette;;;;2019-09-02;;active;526526006;unknown
C02360;56;56;bus;localBus;;1012;Keolis Argenteuil Boucles de Seine;;Argenteuil - Boucles de Seine;82c8e6;000000;44 0 12 0;000000;unknown;unknown;unknown;A02341;SAINT GERMAIN EN LAYE - CROISSY-SUR-SEINE;;;;2020-08-31;;active;000533056;partial
C02361;57;57;bus;localBus;;1012;Keolis Argenteuil Boucles de Seine;;Argenteuil - Boucles de Seine;fa8cc7;ffffff;0 44 20 12;ffffff;unknown;unknown;unknown;A02342;LE PORT-MARLY - LE CHESNAY;;;;2020-08-31;;active;000533057;partial
C02366;3219;3219;bus;;;1030;Francilité Grand Provinois;;Provinois - Brie et Seine;65318f;ffffff;75 100 0 0;ffffff;unknown;false;false;A01731;Longueville - Provins;;;;2020-06-30;;active;514514800;unknown
C02405;Caméléon T2;BUS T2;bus;;REPLACEMENT_LINE_TYPE;100;RATP;1035;;cf009e;ffffff;0 100 24 19;ffffff;unknown;true;true;A01192;T2;;;;2021-01-12;;active;100100732;unknown
C02407;Caméléon T3b;BUS T3b;bus;;REPLACEMENT_LINE_TYPE;100;RATP;1035;;00ae41;ffffff;100 0 63 32;ffffff;unknown;true;true;A01757;T3b;;;;2021-01-12;;active;100100734;unknown
C02410;Caméléon T7;BUS T7;bus;;REPLACEMENT_LINE_TYPE;100;RATP;1035;;704b1c;ffffff;0 33 75 56;ffffff;unknown;true;true;A02134;T7;;;;2021-01-12;;active;100100737;unknown
C02411;Caméléon T8;BUS T8;bus;;REPLACEMENT_LINE_TYPE;100;RATP;1035;;837902;000000;0 7 98 49;000000;unknown;true;true;A02150;T8;;;;2021-01-12;;active;100100738;unknown
C02412;95-15;95-15;bus;regionalBus;;1007;Transdev Vexin;;Vexin;a0006e;ffffff;0 100 38 37;ffffff;unknown;unknown;unknown;A02383;SAINT CYR EN ARTHIES – Place - MANTES LA JOLIE - Gare;;;;2021-01-13;;active;501501015;true
C02414;95-49;95-49;bus;localBus;;1007;Transdev Vexin;;Vexin;ff5a00;ffffff;0 65 100 0;ffffff;unknown;unknown;unknown;A02466;BRAY ET LÛ - Place du 19 mai 1962 - MAGNY EN VEXIN - Gare Routière;;;;2021-01-13;;active;501501049;true
C02422;TàD Eaubonne Domont;TàD;bus;demandAndResponseBus;;1008;Transdev Valmy;;Vallée de Montmorency;fecb00;000000;0 20 100 0;000000;unknown;true;partial;A02356;GARE DOMONT - EAUBONNE HÔPITAL SIMONE VEIL;Réservation obligatoire;Réservation obligatoire;;2021-02-08;;active;505505022;false
C02431;4404;4404;bus;;;1018;Francilité Ouest Essonne;;Essonne Sud Ouest;b90845;ffffff;0 96 63 27;ffffff;unknown;true;true;A00855;ETAMPES (GARE SNCF)  - SERMAISE;;;;2021-03-12;;active;524524001;partial
C02433;3255;3255;bus;localBus;;1030;Francilité Grand Provinois;;Provinois - Brie et Seine;006fb6;ffffff;100 54 0 0;ffffff;unknown;false;partial;A01342;PROVINS (GARE ROUTIERE)  - ESTERNAY (PLACE DE L'EGLISE);;;;2014-07-16;;active;514514119;unknown
C02437;209;209;bus;;;100;RATP;;;00a092;ffffff;82 0 54 0;ffffff;true;true;true;A02414;209;;;;2021-05-31;;active;100100209;true
C02440;P;P;bus;;;334;Autocars Dominique;;Paris-Saclay Mobilités;2da445;ffffff;47 0 37 36;ffffff;unknown;unknown;unknown;A02478;ROND-POINT CAMILLE CLAUDEL (PALAISEAU) - PLACE DE LA VICTOIRE (PALAISEAU);;;;2021-06-11;;active;039591598;unknown
C02441;23;23;bus;;;1010;Keolis Seine et Oise Est;;Poissy - Les Mureaux;ff82b4;000000;0 47 11 0;000000;unknown;true;true;A02323;Meulan (Arquebuse) - Aubergenville (Lycée Van Gogh);;;;2021-08-01;;active;534534553;partial
C02458;3727;3727;bus;regionalBus;;1003;Transdev Senart;;Sénart;82c8e6;000000;44 0 12 0;000000;unknown;true;true;A00745;Lieusaint Moissy (Gare RER) - Lieusaint Moissy (Gare RER);;;;2021-12-13;;active;519519126;false
C02462;1517;1517;bus;localBus;;1008;Transdev Valmy;;Vallée de Montmorency;8d653d;ffffff;0 30 100 54;ffffff;unknown;true;partial;A02504;Ecouen Maillol – Gare de Domont;;;;2022-02-04;;active;505505017;false
C02463;1527;1527;bus;localBus;;1008;Transdev Valmy;;Vallée de Montmorency;9b9842;ffffff;0 3 64 39;ffffff;true;true;partial;A02507;Gare de Taverny – Gare de Garges Sarcelles;;;;2022-02-04;;active;505505027;false
C02465;Soir Écouen Ézanville;Soir;bus;demandAndResponseBus;;1008;Transdev Valmy;;Vallée de Montmorency;652c8f;ffffff;16 39 0 44;ffffff;unknown;true;partial;A02506;Bus soirée Ecouen;;;;2022-02-04;;active;505505092;false
C02470;4411;4411;bus;;;1018;Francilité Ouest Essonne;;Essonne Sud Ouest;006db8;ffffff;100 41 0 28;ffffff;unknown;unknown;unknown;A02449;Mauchamps - Collège de Guinette;;;;2022-07-04;;active;524524032;partial
C02513;Soir Versailles-Chantiers;Soir;bus;demandAndResponseBus;;1017;Keolis Vélizy Vallée de la Bièvre;;Vélizy Vallées;640082;ffffff;75 100 0 0;ffffff;unknown;true;true;A02609;Bus de soirée Versailles Chantiers - Versailles Gare des Chantiers-gare routière/Les Loges-en-Josas/Jouy-en-Josas/Bièvres;Bus de soirée;Le Bus de Soirée est un bus qui attend votre train le soir depuis votre gare, pour vous déposer jusqu'à l'arrêt le plus proche de chez vous. Le service fonctionne sans réservation, il suffit d'indiquer votre arrêt de descente;;2022-08-01;;active;000527266;partial
C02516;SRL Le Vésinet;SRL LVT;bus;;;1012;Keolis Argenteuil Boucles de Seine;;Argenteuil - Boucles de Seine;3c91dc;ffffff;69 34 0 0;ffffff;unknown;unknown;unknown;A02698;SRL Le Vésinet;;;;2022-10-13;;active;333578597;partial
C02520;3116;3116;bus;;;1025;Keolis Portes et Val de Brie;;Pays Briard;4d90cd;000000;62 30 0 20;000000;unknown;unknown;unknown;A00013;OZOIR-LA-FERRIERE (RER)  - TOURNAN-EN-BRIE (RER);;;https://data.iledefrance-mobilites.fr/api/explore/v2.1/catalog/datasets/referentiel-des-lignes/files/ed12551e76d66b8f7dbbf0b742432da5;2023-01-01;;active;513513311;partial
C02524;TàD 3144;TàD 3144;bus;demandAndResponseBus;;1025;Keolis Portes et Val de Brie;;Pays Briard;ffcd03;000000;0 20 99 0;000000;unknown;unknown;unknown;A02702;TAD d'Ozoir-la-Ferrière;;;https://data.iledefrance-mobilites.fr/api/explore/v2.1/catalog/datasets/referentiel-des-lignes/files/70f62e75cb44c1509cfbc43322857079;2023-01-01;;active;513513601;partial
C02528;T10;T10;tram;;;1014;RD Bièvre;;Bièvre;6e6e00;ffffff;19 0 100 33;ffffff;true;true;true;A02527;T10;;;https://data.iledefrance-mobilites.fr/api/explore/v2.1/catalog/datasets/referentiel-des-lignes/files/0e6d747212fe8125acea04824c9de849;2023-01-12;;active;537537001;unknown
C02542;29;29;bus;;;1010;Keolis Seine et Oise Est;;Poissy - Les Mureaux;00643c;ffffff;100 24 87 0;ffffff;unknown;true;true;A02549;Poissy (Gare Nord) - Chanteloup-les-Vignes (Hautes Garennes);;;;2023-04-09;;active;534534559;partial
C02553;57;57;bus;;;1010;Keolis Seine et Oise Est;;Poissy - Les Mureaux;ff5a00;000000;0 53 78 0;000000;unknown;true;true;A02560;Poissy (La Bruyère) - Poissy (Le Corbusier);;;;2023-04-09;;active;534534608;partial
C02556;64;64;bus;;;1010;Keolis Seine et Oise Est;;Poissy - Les Mureaux;d2d200;000000;14 0 100 11;000000;unknown;true;true;A02563;Vaux-sur-Seine (Gare) - Triel-sur-Seine (Les Châtelaines);;;;2023-04-09;;active;534534615;partial
C02560;68;68;bus;;;1010;Keolis Seine et Oise Est;;Poissy - Les Mureaux;3c91dc;ffffff;69 34 0 0;ffffff;unknown;true;true;A02567;Les Mureaux (Gare) - Verneuil - Poissy (Le Corbusier / Notre Dame);;;;2023-04-09;;active;534534619;partial
C02564;75;75;bus;;;1010;Keolis Seine et Oise Est;;Poissy - Les Mureaux;3c91dc;ffffff;69 34 0 0;ffffff;unknown;true;true;A02572;Verneuil (Gare / Notre-Dame Les Oiseaux) - Vernouillet (Collège Emile Zola);;;;2023-04-09;;active;534534626;partial
C02579;Soirée Montereau Nord;Soir;bus;demandAndResponseBus;;1027;Francilité Pays de Montereau;;Pays de Montereau;662d91;ffffff;30 69 0 43;ffffff;unknown;unknown;unknown;A02716;Bus de soirée - MONTEREAU-FAULT-YONNE GARE - MONTEREAU-FAULT-YONNE;;;;2023-07-31;;active;515515700;unknown
C02584;Soir Provins;Soir;bus;demandAndResponseBus;;1030;Francilité Grand Provinois;;Provinois - Brie et Seine;65318f;ffffff;75 100 0 0;ffffff;unknown;false;false;A02602;;;;;2023-07-01;;active;514514601;unknown
C02585;Soir Nangis;Soir;bus;demandAndResponseBus;;1030;Francilité Grand Provinois;;Provinois - Brie et Seine;65318f;ffffff;75 100 0 0;ffffff;unknown;false;false;A02603;TAD divergent - CC Brie Nangissienne;;;;2023-07-01;;active;514514602;unknown
C02587;TàD Nord Meulan - Les Mureaux;TàD;bus;demandAndResponseBus;;1010;Keolis Seine et Oise Est;;Poissy - Les Mureaux;ffbe00;000000;0 19 100 0;000000;unknown;unknown;unknown;A02468;TAD NORD MEULAN - LES MUREAUX;;;;2021-08-01;;active;534534401;partial
C02595;Soirée Fontainebleau;Soir;bus;demandAndResponseBus;;1026;Transdev Pays de Fontainebleau;;Fontainebleau - Moret;652c8f;ffffff;16 39 0 44;ffffff;unknown;true;true;A02712;Service divergent Gare de Fontainebleau-Avon;;;;2023-07-01;;active;516516104;partial
C02600;N146;N146;bus;nightBus;;1028;Keolis Roissy Pays de France Ouest;;Roissy Ouest;00814f;ffffff;100 0 39 49;ffffff;unknown;true;true;A02462;N146 GARE DE L'EST - GARE DE SURVILLIERS FOSSES;;;;2023-07-01;;active;506506146;partial
C02602;Soirée Garges;Soir;bus;demandAndResponseBus;;1028;Keolis Roissy Pays de France Ouest;;Roissy Ouest;662583;ffffff;22 72 0 49;ffffff;unknown;false;false;A02726;Bus soirée (divergent) Garges - Gare de Garges - Sarcelles;;;;2023-07-28;;active;506506701;partial
C02603;Soirée Goussainville;Soir;bus;demandAndResponseBus;;1028;Keolis Roissy Pays de France Ouest;;Roissy Ouest;662583;ffffff;22 72 0 49;ffffff;unknown;false;false;A02727;Bus soirée Goussainville;;;;2023-07-28;;active;506506702;partial
C02605;Soirée Gonesse;Soir;bus;demandAndResponseBus;;1028;Keolis Roissy Pays de France Ouest;;Roissy Ouest;662583;ffffff;22 72 0 49;ffffff;unknown;false;false;A02729;Bus soirée Gonesse;;;;2023-07-28;;active;506506703;partial
C02612;3452;3452;bus;;;1026;Transdev Pays de Fontainebleau;;Fontainebleau - Moret;d282be;000000;21 38 0 0;000000;unknown;true;true;A00867;Bois Minard Nanteau sur Essonne <=> Gare routière la Chapelle la Reine;;;;2023-07-12;;active;516516002;partial
C02618;Gs;Gs;bus;localBus;;1019;Transdev Marne-et-Ourcq;;Meaux et Ourcq;c4a4cc;000000;21 38 0 0;000000;unknown;unknown;unknown;A02762;COLLEGE FROT - GROSSE PIERRE;;;;2023-09-04;;active;511511007;partial
C02632;4251;4251;bus;;;1038;TISSE;;Evry Centre Essonne;0055c8;ffffff;100 58 0 22;ffffff;unknown;unknown;unknown;A02387;CORBEIL - LA FERTE ALAIS;;;https://data.iledefrance-mobilites.fr/api/explore/v2.1/catalog/datasets/referentiel-des-lignes/files/8249c90df11c9ce61c04a13bb24c0088;2023-11-20;;active;000523501;partial
C02642;7817;7817;bus;;;1037;Transdev Sud Yvelines;;Centre et Sud Yvelines;4d90cd;ffffff;100 32 0 17;ffffff;unknown;true;true;A02796;Ligne 67D;;;;2023-12-06;;active;530530081;false
C02645;Bus soirée SQY Montigny-Voisins;Soir;bus;;;1023;Francilité Saint-Quentin-en-Yvelines;;Saint-Quentin-en-Yvelines;aaaaaa;000000;0 0 0 33;000000;unknown;unknown;unknown;A02694;Bus soirée SQY Montigny-Voisins;;;;2023-12-12;;active;000529702;unknown
C02647;Bus soirée La Verrière;Soir;bus;;;1023;Francilité Saint-Quentin-en-Yvelines;;Saint-Quentin-en-Yvelines;aaaaaa;000000;0 0 0 33;000000;unknown;unknown;unknown;A02696;Bus soirée La Verrière;;;;2023-12-12;;active;000529704;unknown
C02673;2254;2254;bus;;;1002;Transdev Marne-la-Vallée;;Marne-la-Vallée;d2d200;000000;14 0 100 11;000000;unknown;true;true;A02822;LAGNY-SUR-MARNE (SERVICE URBAIN);;;;2024-04-22;;active;510510054;partial
C02682;4584;4584;bus;localBus;;1033;Transdev Cœur Essonne;;Cœur d’Essonne;ff82b4;000000;0 47 11 0;000000;unknown;true;true;A02905;Epinay sur Orge - Villiers;;;;2024-09-02;;active;000525084;true
C02686;63;63;bus;;SEASONAL_LINE_TYPE;1012;Keolis Argenteuil Boucles de Seine;;Argenteuil - Boucles de Seine;6e491e;ffffff;54 68 100 0;ffffff;unknown;true;true;A02933;Sartrouville Lycée Evariste Galois - Maisons-Laffitte République/Eugène Adam;;;;2024-09-02;;active;;partial
C02687;3417;3417;bus;;;1026;Transdev Pays de Fontainebleau;;Fontainebleau - Moret;ffbe50;000000;0 19 100 0;000000;unknown;unknown;unknown;A01334;Chemin de l'Orée Samois sur Seine <=> Collège International Fontainebleau;;;;2023-08-01;;active;;partial
C02688;Soirée Lagny - Thorigny;Soir;bus;demandAndResponseBus;;1002;Transdev Marne-la-Vallée;;Marne-la-Vallée;652c8f;ffffff;16 39 0 44;ffffff;unknown;unknown;unknown;A02836;BUS SOIREE LAGNY THORIGNY;;;;2024-04-22;;active;510510100;partial
C02697;2155;2155;bus;;;1029;Keolis Roissy Pays de France Est;;Roissy Est;cec92b;000000;0 4 100 17;000000;unknown;unknown;unknown;A02866;ST-SOUPPLETS – Collège Nicolas Tronchon | MARCHÉMORET – Lessart;;;;2024-04-22;;active;;partial
C02700;2159;2159;bus;;;1029;Keolis Roissy Pays de France Est;;Roissy Est;00b397;ffffff;100 0 15 30;ffffff;unknown;unknown;unknown;A02870;MEAUX – Lycée Jean Villar | SAINT-PATHUS – Les Frênes;;;;2024-04-22;;active;;partial
C02706;2165;2165;bus;;;1029;Keolis Roissy Pays de France Est;;Roissy Est;f59eb3;000000;0 33 23 5;000000;unknown;unknown;unknown;A02875;MORTEFONTAINE – Institut St-Dominique | OTHIS – La Jalaise;;;;2024-04-22;;active;;partial
C02714;202;202;bus;;;100;RATP;;;65318f;ffffff;75 100 0 0;ffffff;unknown;true;true;A02903;Porte de Montreuil <-> Montreuil - Boissière-Acacia;;;;2024-06-14;;active;100100202;true
C02716;7825;7825;bus;expressBus;;1011;RD Mantois;;Mantois;8ad3de;000000;44 0 12 0;000000;unknown;true;true;A01396;A14 MANTES LA JOLIE Hôpital ou BONNIERES SUR SEINE La Vallée Française - LA DEFENSE Terminal Jules Verne;;;;2024-09-02;2029-07-31;active;000535201;unknown
C02724;4242;4242;bus;;;1038;TISSE;;Evry Centre Essonne;ff1400;ffffff;0 100 94 0;ffffff;unknown;unknown;unknown;A02938;EVRY-COURCOURONNES (gare Bras de Fer) - CORBEIL ESSONNES (Gare Emile Zola);;;https://data.iledefrance-mobilites.fr/api/explore/v2.1/catalog/datasets/referentiel-des-lignes/files/a92fc5dd14cfaad691ddd640e789822e;2025-01-06;;active;;partial
C02726;3771;3771;bus;localBus;;1003;Transdev Senart;;Sénart;a50034;ffffff;5 100 48 22;ffffff;unknown;true;true;A02940;Gare de Combs-la-ville <> 14 Juillet - Vaux-le-Pénil;;;;2025-01-06;;active;519519064;false
C02727;3777;3777;bus;localBus;;1003;Transdev Senart;;Sénart;0055c8;ffffff;100 54 0 0;ffffff;unknown;true;true;A02941;Savigny-le-Temple Médiathèque <> Voisenon - Collège Nazareth;;;;2025-01-06;;active;519519165;false
C02734;4136;4136;bus;;;1015;Keolis Val d'Yerres Val de Seine;;Val d'Yerres Val de Seine;2180fa;ffffff;87 49 0 2;ffffff;unknown;false;false;A02946;Gare de Brunoy – Epinay-sous-Sénart ZA La Forêt;;;https://data.iledefrance-mobilites.fr/api/explore/v2.1/catalog/datasets/referentiel-des-lignes/files/16b717228867e08643a4e4382f656152;2025-01-06;;active;;partial
C02738;4278;4278;bus;;;1038;TISSE;;Evry Centre Essonne;ffbe00;000000;0 25 100 0;000000;unknown;unknown;unknown;A01476;RIS-ORANGIS (C,C, les Aunettes)  - COURCOURONNES - BONDOUFLE (Coccinelles);;;https://data.iledefrance-mobilites.fr/api/explore/v2.1/catalog/datasets/referentiel-des-lignes/files/5155d01810d9d93e5092954d5eaf4f35;2025-01-06;;active;;partial
C02755;TAD MEAUX ZONE SUD OUEST;TAD;bus;demandAndResponseBus;;1019;Transdev Marne-et-Ourcq;;;aaaaaa;000000;0 0 0 33;000000;unknown;unknown;unknown;A02483;TAD MEAUX ZONE SUD OUEST;;;;2021-06-22;;active;;true
C02789;TAD Desserte Hôpital;TAD;bus;;;101;STBC;;;aaaaaa;000000;0 0 0 33;000000;unknown;unknown;unknown;A02582;TAD DESSERTE HOPITAL;;;;2024-01-01;;active;101677600;unknown
C00006;480;480;bus;localBus;;1004;Keolis Ouest Val-de-Marne;;Seine Grand Orly;3c91dc;ffffff;69 34 0 0;ffffff;false;true;true;A00004;PARAY-VIEILLE-POSTE - VILLENEUVE-ST-GEORGES (RER);;;;2014-07-16;;active;522522480;partial
C00024;3109;3109;bus;localBus;;1025;Keolis Portes et Val de Brie;;Pays Briard;cec92b;000000;0 2 79 19;000000;unknown;true;true;A00022;TOURNAN-EN-BRIE - LES CHAPELLES-BOURBON;;;https://data.iledefrance-mobilites.fr/api/explore/v2.1/catalog/datasets/referentiel-des-lignes/files/a48d616f885ec59af32e29be26c79b71;2014-07-16;;active;513513209;partial
C00039;6175;6175;bus;localBus;;1017;Keolis Vélizy Vallée de la Bièvre;;Vélizy Vallées;ff1400;ffffff;0 100 94 0;ffffff;unknown;true;true;A00039;Velizy Villacoublay (Ursine) - Jouy en Josas (Les Metz la Mare);;;;2014-07-16;;active;527527009;partial
C00040;6178;6178;bus;localBus;;1017;Keolis Vélizy Vallée de la Bièvre;;Vélizy Vallées;ff1400;ffffff;0 100 94 0;ffffff;unknown;true;true;A00039;Velizy Villacoublay (Ursine) - Jouy en Josas (Les Metz la Mare);;;;2014-07-16;;active;527527009;partial
C00063;5265;5265;bus;localBus;;1037;Transdev Sud Yvelines;;Centre et Sud Yvelines;bb4b9b;ffffff;0 45 5 15;ffffff;unknown;true;true;A00059;HOUDAN - DANNEMARIE;;;;2014-07-16;;active;530530065;false
C00066;20;20;bus;;;1013;RD Saclay;;Paris Saclay;9998be;000000;19 20 0 26;000000;true;true;true;A00062;BURES-SUR-YVETTE (briand)  - BURES-SUR-YVETTE (Guyonnerie);;;;2014-07-16;;active;526526001;unknown
C00068;3;3;bus;;;1013;RD Saclay;;Paris Saclay;50b586;ffffff;56 0 26 29;ffffff;true;unknown;unknown;A00064;ORSAY (Gare)  - BURES-SUR-YVETTE - LES ULIS (Centre Commercial);;;;2014-07-16;;active;526526003;unknown
C00090;4501;4501;bus;regionalBus;;1033;Transdev Cœur Essonne;;Cœur d’Essonne;82c8e6;000000;44 0 12 0;000000;true;true;true;A00080;STE-GENEVIEVE-DES-BOIS (ZI Croix Blanche)  - PARIS-14 (Porte d'Orléans);;;;2014-07-16;;active;525525007;true
C00092;4305;4305;bus;localBus;;1016;Keolis Val d'Essonne Deux Vallées;;Essonne Sud Est;a0006e;ffffff;26 85 0 0;ffffff;unknown;unknown;unknown;A00082;Lardy (Gare de Bouray) - Itteville (La Croix Boissée);;;;2014-07-16;;active;531531210;partial
C00097;4442;4442;bus;;;1018;Francilité Ouest Essonne;;Essonne Sud Ouest;ed1c2a;ffffff;0 88 82 7;ffffff;false;unknown;unknown;A02441;La Ferté-Alais - Ecole Vieilles Vignes -Cerny - Lycée Montmirault;;;;2014-07-16;;active;524524319;partial
C00102;4325;4325;bus;localBus;;1016;Keolis Val d'Essonne Deux Vallées;;Essonne Sud Est;6e491e;ffffff;54 68 100 0;ffffff;unknown;unknown;unknown;A00092;FONTENAY-LE-VICOMTE (STADE)  - BALLANCOURT-SUR-ESSONNE (COLLEGE);;;;2014-07-16;;active;531531024;partial
C00105;4413;4413;bus;localBus;;1018;Francilité Ouest Essonne;;Essonne Sud Ouest;83c491;000000;33 0 26 23;000000;unknown;unknown;unknown;A00097;ANGERVILLE - ETAMPES;;;;2014-07-16;;active;524524201;partial
C00111;11;11;bus;localBus;;1010;Keolis Seine et Oise Est;;Poissy - Les Mureaux;d2d200;000000;14 0 100 11;000000;unknown;true;true;A00103;Hardricourt (Rue de Verdun) - Ecquevilly (Collège Léonard de Vinci);;;;2014-07-16;;active;534534542;partial
C00113;6217;6217;bus;localBus;;1034;Transdev Versailles;;Grand Versailles;ff5a00;000000;0 53 78 0;000000;unknown;true;true;A00105;SAINT-NOM-LA-BRETECHE Guitel Lecoq - VERSAILLES (RD PAR NOISY -R);;;;2014-07-16;;active;528528017;partial
C00117;26;26;bus;localBus;;1010;Keolis Seine et Oise Est;;Poissy - Les Mureaux;0055c8;ffffff;100 54 0 0;ffffff;unknown;true;true;A00109;Les Mureaux (Gare) - Hardricourt et Mézy-sur-Seine;;;;2014-07-16;;active;534534556;partial
C00119;5341;5341;bus;localBus;;1037;Transdev Sud Yvelines;;Centre et Sud Yvelines;006db8;ffffff;5 7 0 57;ffffff;unknown;true;true;A00111;LES MUREAUX - BAILLY;;;;2014-07-16;;active;530530141;false
C00125;5271;5271;bus;localBus;;1037;Transdev Sud Yvelines;;Centre et Sud Yvelines;cec92b;000000;43 0 92 3;ffffff;unknown;true;true;A00117;CRESPIERES (CROIX MARIE)  - FEUCHEROLLES (Collège Jean  Monet);;;;2014-07-16;;active;530530171;false
C00128;60;60;bus;localBus;;1010;Keolis Seine et Oise Est;;Poissy - Les Mureaux;ffbe00;000000;0 19 100 0;000000;unknown;true;true;A00120;Les Mureaux (gare) - Meulan (Collège Henri IV);;;;2014-07-16;;active;534534611;partial
C00129;61;61;bus;localBus;;1010;Keolis Seine et Oise Est;;Poissy - Les Mureaux;82c8e6;000000;44 0 12 0;000000;unknown;true;true;A00121;Hardricourt / Vaux-sur-Seine - Les Mureaux (Lycée François Villon);;;;2014-07-16;;active;534534612;partial
C00138;5212;5212;bus;localBus;;1037;Transdev Sud Yvelines;;Centre et Sud Yvelines;cec92b;000000;0 1 49 46;ffffff;unknown;true;true;A00130;AUBERGENVILLE (D113)  - ST-GERMAIN-EN-LAYE (Lycée international);;;;2014-07-16;;active;530530512;false
C00140;95-23;95-23;bus;;;1007;Transdev Vexin;;Vexin;c27ba0;ffffff;0 54 27 35;ffffff;unknown;unknown;unknown;A00132;BANTHELU (EGLISE)  - PONTOISE (LA POSTE);;;;2014-07-16;;active;501501023;true
C00142;95-25;95-25;bus;;;1007;Transdev Vexin;;Vexin;a20951;ffffff;0 60 32 36;ffffff;unknown;unknown;unknown;A00134;GADANCOURT - VIGNY;;;;2014-07-16;;active;501501025;true
C00145;9;9;bus;localBus;;1021;Transdev Boucle des Lys;;Saint Germain Boucles de Seine;d9d2e9;ffffff;7 10 0 9;ffffff;true;true;true;A00137;MARLY-LE-ROI (GARE SNCF)  - MARLY-LE-ROI (GARE SNCF);;;;2014-07-16;;active;532532009;partial
C00151;7816;7816;bus;expressBus;;1036;Francilité Express Ouest;;Lignes Île-de-France Ouest;3c91dc;ffffff;60 34 0 0;ffffff;unknown;true;true;A00140;MONTIGNY-LE-BRETONNEUX (GARE ST QUENTIN EN YVELINES)  - CERGY (GARE);;;https://data.iledefrance-mobilites.fr/api/explore/v2.1/catalog/datasets/referentiel-des-lignes/files/a892024b2d03be36fe2e7cf2c8d41e06;2014-07-16;2030-12-31;active;012012016;unknown
C00168;5208;5208;bus;localBus;;1037;Transdev Sud Yvelines;;Centre et Sud Yvelines;008c5a;ffffff;80 0 71 37;ffffff;unknown;true;true;A00153;RAMBOUILLET <> AUFFARGIS Place des Fêtes;;;;2014-07-16;;active;530530008;false
C00175;5320;5320;bus;localBus;;1037;Transdev Sud Yvelines;;Centre et Sud Yvelines;662d91;ffffff;0 56 9 38;ffffff;unknown;true;true;A00160;NOGENT-LE-ROI Haut de Nogent <> Gare de RAMBOUILLET Prud'homme;;;;2014-07-16;;active;530530020;false
C00177;5224;5224;bus;localBus;;1037;Transdev Sud Yvelines;;Centre et Sud Yvelines;e0b03b;000000;0 4 57 1;000000;unknown;true;true;A00162;HERMERAY <> Gare de RAMBOUILLET Prud'homme;;;;2014-07-16;;active;530530024;false
C00182;5301;5301;bus;regionalBus;;1037;Transdev Sud Yvelines;;Centre et Sud Yvelines;ed1c2a;ffffff;0 100 88 12;ffffff;false;true;true;A00167;RAMBOUILLET (ROUGET DE LISLE)  - RAMBOUILLET (GROUSSAY);;;;2014-07-16;;active;530530100;false
C00200;2118;2118;bus;;;1029;Keolis Roissy Pays de France Est;;Roissy Est;f78f4b;000000;0 53 78 0;000000;unknown;true;true;A00206;VILLEPARISIS (Marché)  - VILLEPARISIS (Collège Gérard Philippe);;;;2014-07-16;;active;014014218;partial
C00208;31;31;bus;;;1028;Keolis Roissy Pays de France Ouest;;Roissy Ouest;e3051b;ffffff;0 98 88 11;ffffff;unknown;true;true;A00185;GARGES-LES-GONESSE (GARE RER)  - GARGES-LES-GONESSE (PARC COMMERCIAL PONT DE PIERRE);;;;2014-07-16;;active;506506031;partial
C00211;33;33;bus;;;1028;Keolis Roissy Pays de France Ouest;;Roissy Ouest;4f91cd;ffffff;61 29 0 20;ffffff;unknown;true;true;A00187;GOUSSAINVILLE - GOUSSAINVILLE;;;;2014-07-16;;active;014014033;partial
C00213;39;39;bus;regionalBus;;1024;Transdev Nord Seine-Saint-Denis;;Terres d'Envol;f28f42;000000;0 41 73 5;000000;unknown;true;true;A00189;VILLEPINTE (VERT GALANT RER)  - TREMBLAY-EN-FRANCE (Roissypôle RER);;;;2014-07-16;;active;507507039;partial
C00214;43;43;bus;regionalBus;;1024;Transdev Nord Seine-Saint-Denis;;Terres d'Envol;c04191;ffffff;0 66 24 25;ffffff;unknown;true;true;A00190;SEVRAN (Sevran Livry RER)  - TREMBLAY-EN-FRANCE (Roissypôle RER);;;;2014-07-16;;active;507507043;partial
C00217;1346;1346;bus;;;1039;Keolis Nord Val d’Oise;;Haut Val d'Oise;ceacd2;000000;2 18 0 18;000000;false;true;true;A00193;LE PLESSIS-GASSOT Blancs Manteaux - LUZARCHES Collège A.de Noailles / Lycée G.de Nerval;;;;2014-07-16;;active;014014046;partial
C00219;1348;1348;bus;;;1039;Keolis Nord Val d’Oise;;Haut Val d'Oise;e3b229;000000;0 19 96 12;000000;false;partial;partial;A00195;FOSSES (Lycée)  - FONTENAY-EN-PARISIS;;;;2014-07-16;;active;014014048;partial
C00228;R1;R1;bus;regionalBus;;1028;Keolis Roissy Pays de France Ouest;;Roissy Ouest;81c391;000000;34 0 26 24;000000;unknown;true;true;A00211;LOUVRES (GARE RER)  - FOSSES (GARE RER);;;;2014-07-16;;active;506506901;partial
C00233;R6;R6;bus;;;1028;Keolis Roissy Pays de France Ouest;;Roissy Ouest;98d4e2;000000;33 6 0 11;000000;unknown;true;true;A00216;LOUVRES (RER)  - LOUVRES (RER);;;;2014-07-16;;active;014014906;partial
C00235;R110;R110;bus;;;1028;Keolis Roissy Pays de France Ouest;;Roissy Ouest;b28e64;ffffff;0 20 44 30;ffffff;false;true;true;A00218;PUISEUX-EN-FRANCE - LOUVRES;;;;2014-07-16;;active;014014910;partial
C00250;2107;2107;bus;;;1029;Keolis Roissy Pays de France Est;;Roissy Est;81c491;000000;34 0 26 23;000000;unknown;true;true;A00229;ROUVRES (Eglise)  - LONGPERRIER (Lycée Charles de Gaulle);;;;2014-07-16;;active;014077707;partial
C00254;2111;2111;bus;;;1029;Keolis Roissy Pays de France Est;;Roissy Est;f3a4ba;000000;0 33 23 5;000000;unknown;true;true;A00233;OTHIS (SAINT LAURENT)  - MEAUX (SNCF ou LEP COUBERTIN);;;;2014-07-16;;active;014077711;partial
C00261;Vitavil;VITAVIL;bus;;;1028;Keolis Roissy Pays de France Ouest;;Roissy Ouest;f28f42;000000;0 41 73 5;000000;false;true;true;A00240;STAINS - SARCELLES;;;;2014-07-16;;active;014115086;partial
C00264;9501;9501;bus;regionalBus;;1028;Keolis Roissy Pays de France Ouest;;Roissy Ouest;5191cd;ffffff;60 29 0 20;ffffff;unknown;true;true;A00242;LUZARCHES - TREMBLAY-EN-FRANCE (CDG RER (Roissypôle));;;;2014-07-16;;active;506506001;partial
C00270;40;40;bus;localBus;;1010;Keolis Seine et Oise Est;;Poissy - Les Mureaux;82dc73;000000;54 0 54 0;000000;unknown;true;true;A00252;Poissy (Gare Nord) - Conflans-Ste-Honorine (Fin d'Oise);;;;2014-07-16;;active;534534521;partial
C00294;2;2;bus;regionalBus;;1012;Keolis Argenteuil Boucles de Seine;;Argenteuil - Boucles de Seine;ff5a00;000000;0 53 78 0;000000;true;unknown;unknown;A00287;ARGENTEUIL - SANNOIS;;;;2014-07-16;;active;000533002;partial
C00296;5;5;bus;regionalBus;;1012;Keolis Argenteuil Boucles de Seine;;Argenteuil - Boucles de Seine;ffbe00;000000;0 19 100 0;000000;true;unknown;unknown;A00289;Gare de Sartrouville intérieure;;;;2014-07-16;;active;000533005;partial
C00301;1512;1512;bus;localBus;;1008;Transdev Valmy;;Vallée de Montmorency;ffcc30;000000;0 19 100 0;000000;false;true;partial;A00276;EAUBONNE (Gare d'Ermont-Eaubonne)  - MONTMORENCY (La Chênée);;;;2014-07-16;;active;505505012;false
C00302;1513;1513;bus;localBus;;1008;Transdev Valmy;;Vallée de Montmorency;f38f53;000000;0 53 78 0;000000;true;true;partial;A00277;ENGHIEN-LES-BAINS (SNCF)  - ECOUEN (Maillol);;;;2014-07-16;;active;505505013;false
C00305;1533;1533;bus;localBus;;1008;Transdev Valmy;;Vallée de Montmorency;f49fb3;ffffff;0 35 27 4;ffffff;unknown;true;true;A00279;SOISY-SOUS-MONTMORENCY;;;;2014-07-16;;active;333695033;false
C00308;6;6;bus;regionalBus;;1012;Keolis Argenteuil Boucles de Seine;;Argenteuil - Boucles de Seine;640082;ffffff;75 100 0 0;ffffff;true;unknown;unknown;A00281;ARGENTEUIL (GARE) - HOUILLES-CARRIERES-SUR-SEINE (RER);;;;2014-07-16;;active;000533006;partial
C00309;501 Scolaire;501;bus;localBus;SEASONAL_LINE_TYPE;1012;Keolis Argenteuil Boucles de Seine;;Argenteuil - Boucles de Seine;ffbe00;000000;0 19 100 0;000000;true;true;true;A00289;Gare de Sartrouville intérieure;;;;2014-07-16;;active;000533005;partial
C00328;6282;6282;bus;localBus;;1034;Transdev Versailles;;Grand Versailles;6e491e;ffffff;0 30 100 54;ffffff;unknown;true;true;A00307;LE PORT-MARLY (ST-Fiacre)  - BOUGIVAL - LE CHESNAY (Blanche de Castille);;;;2014-07-16;;active;528528055;true
C00344;7;7;bus;localBus;;1022;Transdev Vallée Sud;;Vallée Grand Sud Paris;82dc73;000000;82 0 54 0;000000;unknown;unknown;unknown;A00323;BOURG-LA-REINE (CONDORCET/MAIRIE DE BOURG LA REINE)  - BOURG-LA-REINE (CONDORCET/MAIRIE DE BOURG LA REINE);;;;2014-07-16;;active;020149007;false
C00354;4115;A;bus;regionalBus;;1015;Keolis Val d'Yerres Val de Seine;;Val d'Yerres Val de Seine;a0006e;ffffff;26 85 0 0;ffffff;unknown;unknown;unknown;A00331;VIGNEUX-SUR-SEINE - MONTGERON - DRAVEIL - VIGNEUX-SUR-SEINE;;;https://data.iledefrance-mobilites.fr/api/explore/v2.1/catalog/datasets/referentiel-des-lignes/files/60203e66dd0e59e6786f23b454fc0e33;2014-07-16;;active;520520002;partial
C00378;4117;4117;bus;regionalBus;;1015;Keolis Val d'Yerres Val de Seine;;Val d'Yerres Val de Seine;a50034;ffffff;0 100 46 26;ffffff;unknown;unknown;unknown;A00338;JUVISY-SUR-ORGE (GARE SNCF)  - DRAVEIL (HOPITAL JOFFRE);;;https://data.iledefrance-mobilites.fr/api/explore/v2.1/catalog/datasets/referentiel-des-lignes/files/14b45cd1b243e456578afb47ae31ecc2;2014-07-16;;active;520520017;partial
C00379;4121;4121;bus;regionalBus;;1015;Keolis Val d'Yerres Val de Seine;;Val d'Yerres Val de Seine;0055c8;ffffff;100 54 0 0;ffffff;unknown;unknown;unknown;A00339;191-100 Yerres RER - Rungis MIN;;;https://data.iledefrance-mobilites.fr/api/explore/v2.1/catalog/datasets/referentiel-des-lignes/files/74f22d07e95a57a80807ecda68cec727;2014-07-16;;active;520520100;partial
C00380;4277;4277;bus;localBus;;1038;TISSE;;Evry Centre Essonne;82c8e6;000000;43 13 0 10;000000;unknown;unknown;unknown;A00340;SAINTRY-SUR-SEINE - EVRY - MORSANG-SUR-SEINE;;;https://data.iledefrance-mobilites.fr/api/explore/v2.1/catalog/datasets/referentiel-des-lignes/files/e23832175b4dfaac86a383a25646c825;2014-07-16;;active;024024006;partial
C00386;4230;4230;bus;regionalBus;;1038;TISSE;;Evry Centre Essonne;ffbe00;ffffff;0 25 100 0;ffffff;unknown;unknown;unknown;A00347;CORBEIL-ESSONNES (gare SNCF) - SAINTRY-SUR-SEINE;;;https://data.iledefrance-mobilites.fr/api/explore/v2.1/catalog/datasets/referentiel-des-lignes/files/0802cf7e50df21878da745d8168b1f29;2014-07-16;;active;024309302;partial
C00392;4233;4233;bus;localBus;;1038;TISSE;;Evry Centre Essonne;6e491e;ffffff;0 34 73 57;ffffff;unknown;unknown;unknown;A00349;ETIOLLES (Bois des Coudraies)- JUVISY-SUR-ORGE (Gare);;;https://data.iledefrance-mobilites.fr/api/explore/v2.1/catalog/datasets/referentiel-des-lignes/files/e5a2f4030716ec510506b31e9ef5c61d;2014-07-16;;active;024309305;partial
C00403;5110;5110;bus;;;1023;Francilité Saint-Quentin-en-Yvelines;;Saint-Quentin-en-Yvelines;d2d200;000000;14 0 100 11;000000;unknown;unknown;unknown;A00361;PLAISIR (GARE DE PLAISIR-GRIGNON)  - SAINT QUENTIN EN YVELINES (GARE);;;;2014-07-16;;active;529529010;partial
C00418;5101;5101;bus;;;1023;Francilité Saint-Quentin-en-Yvelines;;Saint-Quentin-en-Yvelines;f58f53;000000;0 53 78 0;000000;unknown;unknown;unknown;A00372;Plaisir (Plaisir Grignon Gare) - Les Clayes sous Bois (Gare routière);;;;2014-07-16;;active;529529110;partial
C00420;6287;6287;bus;;;1034;Transdev Versailles;;Grand Versailles;bd0066;ffffff;0 100 46 26;ffffff;false;true;true;A00373;VERSAILLES (GARE ROUTIERE)  - RUEIL-MALMAISON (COLLEGE PASSY BUZENVAL/M.DANIELOU);;;;2014-07-16;;active;528528211;true
C00425;6241;6241;bus;;;1034;Transdev Versailles;;Grand Versailles;ff5a00;000000;0 53 78 0;000000;true;true;true;A00378;BOIS-D'ARCY (RENE CLAIR)  - FONTENAY-LE-FLEURY (GARE);;;;2014-07-16;;active;528528101;false
C00426;7818;7818;bus;expressBus;;1036;Francilité Express Ouest;;Lignes Île-de-France Ouest;3c91dc;ffffff;69 34 0 0;ffffff;unknown;true;true;A00379;MANTES-LA-VILLE - MONTIGNY-LE-BRETONNEUX;;;https://data.iledefrance-mobilites.fr/api/explore/v2.1/catalog/datasets/referentiel-des-lignes/files/808de20f212d2b6f6729b6cff7554d88;2014-07-16;2030-12-31;active;027328078;unknown
C00446;1518;1518;bus;localBus;;1008;Transdev Valmy;;Vallée de Montmorency;f49fb3;000000;0 47 11 0;000000;unknown;true;partial;A00388;PISCOP - ST-BRICE-SOUS-FORET;;;;2014-07-16;;active;505505018;false
C00447;30-14;30-14;bus;localBus;;1041;Francilité Val Parisis;;Val Parisis;3d99d4;ffffff;72 27 0 0;ffffff;true;true;true;A00389;ST-LEU-LA-FORET (GARE)  - FRANCONVILLE (GARE);;;;2014-07-16;;active;030030014;unknown
C00448;30-18;30-18;bus;localBus;;1041;Francilité Val Parisis;;Val Parisis;f18825;ffffff;0 55 90 0;ffffff;true;true;true;A00390;BEAUCHAMP - BESSANCOURT;;;;2014-07-16;;active;030030018;unknown
C00462;1316;1316;bus;localBus;;1039;Keolis Nord Val d’Oise;;Haut Val d'Oise;00814f;ffffff;100 0 39 49;ffffff;unknown;true;true;A00404;PRESLES Gare - L'ISLE-ADAM Centre Commercial le Grand Val;;;;2014-07-16;;active;030030036;partial
C00480;CitéVal Nord Herblay;CitéVal N;bus;localBus;;1041;Francilité Val Parisis;;;f08b27;ffffff;0 55 90 0;ffffff;unknown;true;true;A00416;Citéval Herblay nord;;;;2014-07-16;;active;030595045;unknown
C00489;5313;5313;bus;;;1037;Transdev Sud Yvelines;;Centre et Sud Yvelines;006db8;ffffff;100 30 0 53;ffffff;unknown;false;false;A00425;ST-REMY-LES-CHEVREUSE (Gare RER)  - RAMBOUILLET (Gare Routière / Arbouville);;;;2014-07-16;;active;530530103;false
C00497;5146;5146;bus;;;1036;Francilité Express Ouest;;Lignes Île-de-France Ouest;82dc73;000000;54 0 54 0;000000;unknown;true;true;A00431;VERSAILLES (gare des chantiers)  - GUYANCOURT - MAGNY-LES-HAMEAUX (MERANTAIS);;;;2014-07-16;2030-12-31;active;039039012;unknown
C00500;5347;5347;bus;;;1037;Transdev Sud Yvelines;;Centre et Sud Yvelines;9b993b;ffffff;63 0 80 26;000000;unknown;false;false;A00434;ST-REMY-LES-CHEVREUSE (Gare RER)  - LA VERRIERE (gare SNCF);;;;2014-07-16;;active;530530017;false
C00510;5287;5287;bus;;;1037;Transdev Sud Yvelines;;Centre et Sud Yvelines;cec92b;000000;0 19 34 18;000000;false;false;false;A02883;BRIIS-SOUS-FORGES (Collège Jean MONNET);;;;2014-07-16;;active;530530125;false
C00523;5228;5228;bus;;;1037;Transdev Sud Yvelines;;Centre et Sud Yvelines;78c696;000000;32 0 12 34;000000;false;false;false;A02884;CHEVREUSE (Desserte du collège Pierre de Coubertin) - CHEVREUSE;;;;2014-07-16;;active;530530083;false
C00525;6176;6176;bus;;;1017;Keolis Vélizy Vallée de la Bièvre;;Vélizy Vallées;ff82b4;000000;0 47 11 0;000000;false;unknown;unknown;A00446;BUC - CHATENAY-MALABRY;;;;2014-07-16;;active;527527037;partial
C00532;7807;7807;bus;expressBus;;1036;Francilité Express Ouest;;Lignes Île-de-France Ouest;3c91dc;ffffff;69 34 0 0;ffffff;unknown;true;true;A00450;VELIZY-VILLACOUBLAY (CENTRE COMMERCIAL DE VELIZY 2)  - MONTIGNY-LE-BRETONNEUX (ST QUENTIN GARE);;;https://data.iledefrance-mobilites.fr/api/explore/v2.1/catalog/datasets/referentiel-des-lignes/files/96d29a8074cb12ab234e606257bfe4fd;2014-07-16;2030-12-31;active;039039307;unknown
C00537;5190;5190;bus;localBus;;1023;Francilité Saint-Quentin-en-Yvelines;;Saint-Quentin-en-Yvelines;ffbe00;000000;0 19 100 0;000000;unknown;unknown;unknown;A02688;MONTIGNY LE BRETONNEUX Collège Saint-François d’Assise – MAUREPAS Grand’Mare;;;;2014-07-16;;active;529529405;partial
C00538;5191;5191;bus;localBus;;1023;Francilité Saint-Quentin-en-Yvelines;;Saint-Quentin-en-Yvelines;f58f53;000000;0 53 78 0;000000;unknown;unknown;unknown;A00457;GUYANCOURT - CHEVREUSE;;;;2014-07-16;;active;529529101;true
C00549;Brie Bus;BrieBus;bus;localBus;;1025;Keolis Portes et Val de Brie;;;b2ff00;ffffff;30 0 100 0;ffffff;unknown;unknown;unknown;A00462;BRIE-COMTE-ROBERT (Service Urbain);;;;2014-07-16;;active;040040013;partial
C00557;436;436;bus;localBus;;1032;Transdev Côteaux de la Marne;;Marne et Seine;0055c8;ffffff;100 54 0 0;ffffff;true;true;true;A00470;BOISSY-ST-LEGER (GARE RER)  - SUCY-EN-BRIE (GARE RER);;;https://data.iledefrance-mobilites.fr/api/explore/v2.1/catalog/datasets/referentiel-des-lignes/files/6562a7ce01981dde57335d62426f104d;2014-07-16;;active;521521006;true
C00576;4115;4115;bus;localBus;;1015;Keolis Val d'Yerres Val de Seine;;Val d'Yerres Val de Seine;a0006e;ffffff;26 85 0 0;ffffff;unknown;unknown;unknown;A00485;CROSNE (S,ALLENDE)  - VILLENEUVE-ST-GEORGES (GARE RER);;;https://data.iledefrance-mobilites.fr/api/explore/v2.1/catalog/datasets/referentiel-des-lignes/files/d69266b1430088f3be3d71ada128cebc;2014-07-16;;active;520520005;partial
C00582;4111;4111;bus;regionalBus;;1015;Keolis Val d'Yerres Val de Seine;;Val d'Yerres Val de Seine;0055c8;ffffff;100 54 0 0;ffffff;false;unknown;unknown;A00492;BRUNOY (GARE RER)  - BRUNOY (GARE RER);;;https://data.iledefrance-mobilites.fr/api/explore/v2.1/catalog/datasets/referentiel-des-lignes/files/a371850e17478d1118f523447c208915;2014-07-16;;active;520520012;partial
C00599;4135;4135;bus;localBus;;1015;Keolis Val d'Yerres Val de Seine;;Val d'Yerres Val de Seine;dd0026;ffffff;0 100 83 13;ffffff;false;unknown;unknown;A00486;MONTGERON (GARE RER)  - MONTGERON (GARE RER);;;https://data.iledefrance-mobilites.fr/api/explore/v2.1/catalog/datasets/referentiel-des-lignes/files/49825576f06c6bb3ccbe4dc4d9d51b67;2014-07-16;;active;520520006;partial
C00603;1304;1304;bus;regionalBus;;1039;Keolis Nord Val d’Oise;;Haut Val d'Oise;e3051b;ffffff;0 100 98 0;ffffff;unknown;true;true;A00508;VIARMES Fréchot - MONTSOULT-MAFFLIERS Gare;;;;2014-07-16;;active;046046002;partial
C00613;24 S;24 S;bus;;;1028;Keolis Roissy Pays de France Ouest;;Roissy Ouest;5191cd;ffffff;60 29 0 20;ffffff;false;true;true;A00521;ARNOUVILLE-LES-GONESSE (Villiers-le-Bel RER)  - GONESSE - ARNOUVILLE-LES-GONESSE (Villiers-le-Bel RER);;;;2014-07-16;;active;050050124;partial
C00615;35;35;bus;;;1028;Keolis Roissy Pays de France Ouest;;Roissy Ouest;97d4e2;000000;33 6 0 11;000000;unknown;true;true;A00523;ARNOUVILLE-LES-GONESSE (RER)  - GONESSE (Saint Blins);;;;2014-07-16;;active;050050035;partial
C00624;3117;3117;bus;localBus;;1025;Keolis Portes et Val de Brie;;Pays Briard;c5a3cd;ffffff;4 20 0 20;ffffff;unknown;true;true;A00532;GUIGNES (EGLISE)  - CHESSY (CHAUMES EN BRIE);;;https://data.iledefrance-mobilites.fr/api/explore/v2.1/catalog/datasets/referentiel-des-lignes/files/04edd5abd958bad2dc0ed3f4074110f0;2014-07-16;;active;513513017;partial
C00632;2234;2234;bus;regionalBus;;1002;Transdev Marne-la-Vallée;;Marne-la-Vallée;640082;ffffff;75 100 0 0;ffffff;true;true;true;A00540;CHESSY (CHESSY GARES)  - SERRIS (VAL DEUROPE RER);;;;2014-07-16;;active;510510034;partial
C00638;2263;2263;bus;localBus;;1002;Transdev Marne-la-Vallée;;Marne-la-Vallée;3c91dc;ffffff;69 34 0 0;ffffff;unknown;true;true;A00547;CHESSY (GARES)  - JABLINES (BASE DE LOISIRS);;;;2014-07-16;;active;510510024;partial
C00644;43;43;bus;localBus;;1010;Keolis Seine et Oise Est;;Poissy - Les Mureaux;ffbe00;000000;0 19 100 0;000000;unknown;true;true;A00553;LES MUREAUX (Gare SNCF) - POISSY (Gare Nord) par Verneuil, Vernouillet et Vilennes;;;;2014-07-16;;active;534534524;partial
C00658;2130;2130;bus;localBus;;1029;Keolis Roissy Pays de France Est;;Roissy Est;d3ca00;000000;0 4 100 17;000000;unknown;true;true;A00566;CHARNY (GARE ROUTIERE)  - MITRY-MORY (GARE RER);;;;2014-07-16;;active;054054017;partial
C00659;2120;2120;bus;;;1029;Keolis Roissy Pays de France Est;;Roissy Est;006db8;ffffff;100 41 0 28;ffffff;unknown;true;true;A00567;CLAYE-SOUILLY (CIMETIERE)  - MITRY-MORY (RER);;;;2014-07-16;;active;054054018;partial
C00663;4541;4541;bus;;;1033;Transdev Cœur Essonne;;Cœur d’Essonne;ff1400;ffffff;0 100 94 0;ffffff;unknown;true;true;A00570;ST-MICHEL-SUR-ORGE (RER)  - STE-GENEVIEVE-DES-BOIS (CROIX BLANCHE);;;;2014-07-16;;active;525525222;partial
C00664;4523;4523;bus;;;1033;Transdev Cœur Essonne;;Cœur d’Essonne;ff82b4;000000;0 47 11 0;000000;true;true;true;A00571;JUVISY-SUR-ORGE (GARE ROUTIERE)  - VIRY-CHATILLON (VICTOR SCHOELCHER);;;;2014-07-16;;active;525525003;partial
C00665;4205;4205;bus;;;1038;TISSE;;Evry Centre Essonne;82c8e6;000000;43 13 0 10;000000;true;unknown;unknown;A00572;JUVISY-SUR-ORGE (GARE ROUTIERE) - VIRY CHATILLON (LA TREILLE);;;https://data.iledefrance-mobilites.fr/api/explore/v2.1/catalog/datasets/referentiel-des-lignes/files/411498316e2bad6499e1e1352e4a7418;2014-07-16;;active;055055004;partial
C00676;DM12;DM12;bus;;;1013;RD Saclay;;Paris Saclay;0065ae;ffffff;100 42 0 32;ffffff;unknown;unknown;unknown;A00580;MASSY - PALAISEAU - SAULX-LES-CHARTREUX;;;;2014-07-16;;active;526526012;unknown
C00678;4537;4537;bus;;;1033;Transdev Cœur Essonne;;Cœur d’Essonne;ff1400;ffffff;0 100 94 0;ffffff;true;true;true;A00582;STE-GENEVIEVE-DES-BOIS (gare RER)  - LONGPONT-SUR-ORGE;;;;2014-07-16;;active;525525014;partial
C00679;4542;4542;bus;;;1033;Transdev Cœur Essonne;;Cœur d’Essonne;00643c;ffffff;100 24 87 0;ffffff;unknown;true;true;A00583;ST-MICHEL-SUR-ORGE (RER)  - ST-MICHEL-SUR-ORGE (LES GLAISES);;;;2014-07-16;;active;525525016;partial
C00680;17;17;bus;;;1013;RD Saclay;;Paris Saclay;5292c9;ffffff;59 27 0 21;ffffff;unknown;unknown;unknown;A00584;EPINAY-SUR-ORGE (gare RER)  - LA VILLE-DU-BOIS - NOZAY (CIT VILLARCEAUX);;;;2014-07-16;;active;526526017;unknown
C00685;4223;4223;bus;;;1038;TISSE;;Evry Centre Essonne;ff1400;ffffff;0 100 94 0;ffffff;true;unknown;unknown;A00588;SAVIGNY-SUR-ORGE (gare RER)  - GRIGNY (tuileries);;;https://data.iledefrance-mobilites.fr/api/explore/v2.1/catalog/datasets/referentiel-des-lignes/files/27d530ba11ff1294f36303a6c9618bf5;2014-07-16;;active;055055022;partial
C00701;6210;6210;bus;localBus;;1034;Transdev Versailles;;Grand Versailles;ffbe00;000000;0 19 100 0;000000;true;true;true;A00606;VAUCRESSON Gare - VERSAILLES Lycée Jules Ferry;;;;2014-07-16;;active;528528012;partial
C00704;6213;6213;bus;localBus;;1034;Transdev Versailles;;Grand Versailles;640082;ffffff;75 100 0 0;ffffff;true;true;true;A00609;VERSAILLES Gare des Chantiers - VERSAILLES Picardie;;;;2014-07-16;;active;528528016;partial
C00737;19;19;bus;localBus;;1011;RD Mantois;;Mantois;dd9ec6;000000;0 28 10 14;000000;unknown;partial;partial;A00638;PORCHEVILLE Petite Auberge - GARGENVILLE Collège Camus;;;;2014-07-16;;active;000535019;unknown
C00748;81;81;bus;localBus;;1011;RD Mantois;;Mantois;f58f53;ffffff;0 53 78 0;ffffff;unknown;partial;partial;A00631;81 ISSOU Mairie - PORCHEVILLE - EPONE Gare ou 82 GARGENVILLE Hanneucourt - EPONE Gare;;;;2014-07-16;;active;000535008;unknown
C00752;110;110;bus;localBus;;1011;RD Mantois;;Mantois;ffcc30;000000;0 19 100 0;000000;unknown;partial;partial;A00647;DROCOURT Mairie - ISSOU Collège Cartierx;;;;2014-07-16;;active;000535210;unknown
C00753;Express A14 Les Mureaux;A14;bus;expressBus;;1010;Keolis Seine et Oise Est;;Poissy - Les Mureaux;3c91dc;ffffff;69 34 0 0;ffffff;false;true;true;A01394;Express A14 : Mureaux;;;;2014-07-16;;active;534534101;partial
C00756;90;90;bus;localBus;;1011;RD Mantois;;Mantois;9b9842;ffffff;19 0 100 33;ffffff;unknown;true;true;A00649;BOISSET Mairie - LONGNES Heurteloup - MAGNANVILLE Lycée;;;;2014-07-16;;active;000535309;unknown
C00758;89;89;bus;localBus;;1011;RD Mantois;;Mantois;006fb6;ffffff;100 54 0 0;ffffff;unknown;true;true;A00651;MONTCHAUVET Haut - BREVAL Gare ou Collège Nénuphars;;;;2014-07-16;;active;000535118;unknown
C00761;88C;88C;bus;localBus;;1011;RD Mantois;;Mantois;7ac597;000000;54 0 54 0;000000;unknown;partial;partial;A00654;MANTES LA VILLE - MANTES LA JOLIE - POISSY Peugeot;;;;2014-07-16;;active;000535208;unknown
C00763;1203;1203;bus;regionalBus;;1040;Francilité Seine et Oise;;Cergy-Pontoise Confluence;dc9650;000000;0 19 88 13;000000;true;true;true;A00656;Cergy-le Haut RER - Neuville Université RER;;;;2014-07-16;;active;059440034;true
C00765;1236;1236;bus;localBus;;1040;Francilité Seine et Oise;;Cergy-Pontoise Confluence;a0006e;ffffff;26 85 0 0;ffffff;false;true;true;A00658;PONTOISE - COURDIMANCHE;;;;2014-07-16;;active;059440036;true
C00770;1223;1223;bus;localBus;;1040;Francilité Seine et Oise;;Cergy-Pontoise Confluence;6e6e00;ffffff;19 0 100 33;ffffff;false;true;true;A00663;OSNY (RUE DE PONTOISE)  - PONTOISE (PLACE GENERAL DE GAULLE);;;;2014-07-16;;active;059440043;true
C00774;1207;1207;bus;regionalBus;;1040;Francilité Seine et Oise;;Cergy-Pontoise Confluence;ff5a00;000000;0 53 78 0;000000;true;true;true;A00667;CERGY (RER CERGY PREFECTURE)  - JOUY-LE-MOUTIER - VAUREAL (Les Toupets);;;;2014-07-16;;active;059440048;true
C00778;1208;1208;bus;regionalBus;;1040;Francilité Seine et Oise;;Cergy-Pontoise Confluence;00a092;ffffff;82 0 54 0;ffffff;true;true;true;A00668;CERGY (PREFECTURE)  - NEUVILLE-SUR-OISE ( UNIVERSITE);;;;2014-07-16;;active;059440049;true
C00786;3409;3409;bus;localBus;;1026;Transdev Pays de Fontainebleau;;Fontainebleau - Moret;d2d200;000000;14 0 100 11;000000;false;true;true;A02481;VULAINES - HERICY - SAMOREAU - AVON (GARE SNCF);;;;2014-07-16;;active;516516214;partial
C00788;3406;3406;bus;localBus;;1026;Transdev Pays de Fontainebleau;;Fontainebleau - Moret;a0006e;ffffff;26 85 0 0;ffffff;unknown;true;true;A02480;SAMOREAU (ZA BERNACHE) - AVON (GARE SNCF);;;;2014-07-16;;active;516516213;partial
C00796;3403;3403;bus;regionalBus;;1026;Transdev Pays de Fontainebleau;;Fontainebleau - Moret;ff5a00;000000;0 53 78 0;000000;unknown;true;true;A00683;AVON (Gare routière)  - FONTAINEBLEAU (Crevat Jaurès);;;;2014-07-16;;active;516516066;partial
C00801;3633;3633;bus;localBus;;1009;Transdev Melun;;Grand Melun;82dc73;000000;54 0 54 0;000000;unknown;true;true;A00687;ST-FARGEAU-PONTHIERRY (GARE)  - ST-FARGEAU-PONTHIERRY (GARE);;;;2014-07-16;;active;518518001;partial
C00821;3534;3534;bus;localBus;;1031;Transdev Vallée du Loing;;Vallée du Loing - Nemours;82c8e6;000000;44 0 12 0;000000;false;true;true;A00705;CHAMPAGNE-SUR-SEINE (PLACE SCHNEIDER)  - NEMOURS (CITE SCOLAIRE);;;;2014-07-16;;active;517517008;partial
C00827;3518;3518;bus;localBus;;1031;Transdev Vallée du Loing;;Vallée du Loing - Nemours;ff5a00;000000;0 53 78 0;000000;false;true;true;A00711;CHATEAU-LANDON (Mocpoix)  - SOUPPES-SUR-LOING (Office du tourisme);;;;2014-07-16;;active;517517014;partial
C00836;7715;7715;bus;expressBus;;1003;Transdev Senart;;Sénart;3c91dc;ffffff;69 34 0 0;ffffff;unknown;true;true;A00720;LIEUSAINT (Gare SNCF)  - EVRY (Gare RER);;;;2014-07-16;;active;519519050;false
C00839;3754;3754;bus;expressBus;;1003;Transdev Senart;;Sénart;ff5a00;000000;0 53 78 0;000000;false;true;true;A00723;SURESNES (mairie)  - REAU (SNECMA Montereau);;;;2014-07-16;;active;519519096;false
C00842;3775;3775;bus;localBus;;1003;Transdev Senart;;Sénart;5a230a;ffffff;54 68 100 0;ffffff;unknown;true;true;A02573;Tigery - Les Vignes Saint-Germain-lès-Corbeil - Collège La Tuilerie;;;;2014-07-16;;active;519519005;false
C00852;3737;3737;bus;regionalBus;;1003;Transdev Senart;;Sénart;82c8e6;000000;44 0 12 0;000000;unknown;true;true;A00734;SAVIGNY-LE-TEMPLE - NANDY;;;;2014-07-16;;active;519519037;false
C00855;3743;3743;bus;regionalBus;;1003;Transdev Senart;;Sénart;00643c;ffffff;100 24 87 0;ffffff;false;true;true;A00737;Cesson (Gare RER) - Vert Saint Denis (Pouilly le Fort Place);;;;2014-07-16;;active;519519043;false
C00856;3744;3744;bus;localBus;;1003;Transdev Senart;;Sénart;ff5a00;000000;0 53 78 0;000000;false;true;true;A00738;Savigny le Temple (Les Ormes/Médiathèque/Savigny Gare RER) - Cesson (Sonia Delaunay);;;;2014-07-16;;active;519519060;false
C00867;3723;3723;bus;regionalBus;;1003;Transdev Senart;;Sénart;00643c;ffffff;100 0 83 24;ffffff;false;true;true;A00748;LIEUSAINT - MOISSY-CRAMAYEL;;;;2014-07-16;;active;519519129;false
C00868;3732;3732;bus;regionalBus;;1003;Transdev Senart;;Sénart;ff1400;ffffff;0 100 94 0;ffffff;false;true;true;A00749;Savigny/Nandy (Gare RER) - Savigny/Nandy (Savigny la Grange);;;;2014-07-16;;active;519519131;false
C00880;3603;3603;bus;regionalBus;;1009;Transdev Melun;;Grand Melun;ff82b4;000000;0 47 11 0;000000;true;true;true;A00759;MELUN (GARE DE MELUN)  - MELUN (SCHUMANN);;;;2014-07-16;;active;518518123;true
C00887;3612;3612;bus;localBus;;1009;Transdev Melun;;Grand Melun;d282be;000000;21 38 0 0;000000;true;true;true;A00763;GARE DE MELUN - GARE DE MELUN;;;;2014-07-16;;active;518518027;true
C00894;3653;3653;bus;localBus;;1009;Transdev Melun;;Grand Melun;82c8e6;000000;44 0 12 0;000000;unknown;true;true;A02512;SAINTE ASSISE - SEINE PORT - GAMBETTA - MELUN;;;;2014-07-16;;active;518518067;partial
C00895;3634;3634;bus;localBus;;1009;Transdev Melun;;Grand Melun;3c91dc;ffffff;69 34 0 0;ffffff;unknown;true;true;A00764;SEINE-PORT (Sainte Assise)  - MELUN (Gare routière du Mail);;;;2014-07-16;;active;518518030;partial
C00898;J;J;bus;localBus;;1019;Transdev Marne-et-Ourcq;;Meaux et Ourcq;6fa8dc;ffffff;50 24 0 14;ffffff;unknown;unknown;unknown;A00768;GERMIGNY-L'EVEQUE (Résidence de la Marne)  - POINCY - MEAUX (Gare Routière);;;;2014-07-16;;active;511511102;partial
C00901;4;4;bus;localBus;;1019;Transdev Marne-et-Ourcq;;Meaux et Ourcq;bc85bb;000000;0 30 1 26;000000;unknown;unknown;unknown;A00770;MEAUX (Gare SNCF)  - QUINCY-VOISINS - ESBLY (Gare SNCF);;;;2014-07-16;;active;511511104;partial
C00909;S;S;bus;regionalBus;;1019;Transdev Marne-et-Ourcq;;Meaux et Ourcq;8ad3de;000000;38 5 0 13;000000;unknown;unknown;unknown;A00776;MEAUX - VARREDDES - CONGIS-SUR-THEROUANNE - MEAUX;;;;2014-07-16;;active;511511011;partial
C00911;2264;2264;bus;localBus;;1002;Transdev Marne-la-Vallée;;Marne-la-Vallée;d282be;000000;21 38 0 0;000000;unknown;true;true;A00779;SAINT-GERMAIN-SUR-MORIN (COLLEGE S HESSEL) - JABLINES ILE DE LOISIRS;;;;2014-07-16;;active;510510114;partial
C00921;31S;31S;bus;localBus;;1020;Transdev Brie et 2 Morin;;Brie et 2 Morin;674ea7;ffffff;38 53 0 35;ffffff;false;unknown;unknown;A02614;MERY-SUR-MARNE (La Brussette) - LA FERTE-SOUS-JOUARRE (Gare SNCF);;;;2014-07-16;;active;512512131;true
C00926;35;35;bus;localBus;;1020;Transdev Brie et 2 Morin;;Brie et 2 Morin;ffbe00;000000;0 19 100 0;000000;unknown;unknown;unknown;A00793;LA FERTE-SOUS-JOUARRE (Gare SNCF)  - CHANGIS-SUR-MARNE - SIGNY-SIGNETS - PIERRE-LEVEE (place St Claude);;;;2014-07-16;;active;512512035;true
C00928;41;41;bus;localBus;;1019;Transdev Marne-et-Ourcq;;Meaux et Ourcq;f37941;000000;0 50 73 5;000000;unknown;unknown;unknown;A00795;VENDREST - LIZY-SUR-OURCQ (gare S.N.C.F.);;;;2014-07-16;;active;511511041;partial
C00946;61;61;bus;localBus;;1019;Transdev Marne-et-Ourcq;;Meaux et Ourcq;cbdc4f;000000;8 0 64 14;000000;unknown;unknown;unknown;A00809;LIZY-SUR-OURCQ - JOUARRE;;;;2014-07-16;;active;511511061;partial
C00959;I;I;bus;localBus;;1019;Transdev Marne-et-Ourcq;;Meaux et Ourcq;0b5394;ffffff;93 44 0 42;ffffff;unknown;unknown;unknown;A00824;MEAUX - MEAUX;;;;2014-07-16;;active;511511009;partial
C00961;Express 69;69E;bus;expressBus;;1019;Transdev Marne-et-Ourcq;;Meaux et Ourcq;3bb2ff;ffffff;77 30 0 0;ffffff;unknown;unknown;unknown;A00826;MEAUX (SNCF)  - SERRIS (Val d'Europe);;;;2014-07-16;;active;511511069;partial
C00967;4439;4439;bus;;;1018;Francilité Ouest Essonne;;Essonne Sud Ouest;f3a4ba;000000;0 33 23 5;000000;unknown;unknown;unknown;A00832;ETRECHY - ETRECHY;;;;2014-07-16;;active;524524009;partial
C00972;4555;4555;bus;localBus;;1033;Transdev Cœur Essonne;;Cœur d’Essonne;ff5a00;000000;0 53 78 0;000000;unknown;true;true;A00837;BOISSY-SOUS-ST-YON (BAS DE TORFOU)  - ARPAJON (GARE RER);;;;2014-07-16;;active;525525205;partial
C00973;4459;4459;bus;;;1018;Francilité Ouest Essonne;;Essonne Sud Ouest;cec92b;000000;0 2 79 19;000000;unknown;unknown;unknown;A00838;MEROBERT (AUBRAY)  - DOURDAN (GARE);;;;2014-07-16;;active;524524004;partial
C00989;4275;4275;bus;regionalBus;;1038;TISSE;;Evry Centre Essonne;ff1400;ffffff;0 100 94 0;ffffff;unknown;unknown;unknown;A00853;ST-GERMAIN-LES-CORBEIL (Collège de la Tuilerie)  - MORSANG-SUR-SEINE (mairie);;;https://data.iledefrance-mobilites.fr/api/explore/v2.1/catalog/datasets/referentiel-des-lignes/files/a368dc5861d73446027490261fdbb3dc;2014-07-16;;active;070070005;partial
C01014;4342;4342;bus;;;1016;Keolis Val d'Essonne Deux Vallées;;Essonne Sud Est;ffbe00;000000;0 19 100 0;000000;unknown;unknown;unknown;A00878;MILLY-LA-FORET - ETAMPES;;;;2014-07-16;;active;531531002;partial
C01057;38;38;bus;localBus;;1020;Transdev Brie et 2 Morin;;Brie et 2 Morin;38761d;ffffff;53 0 75 54;ffffff;false;false;false;A00910;FAREMOUTIERS (GARE SNCF)  - CHESSY (GARE RER);;;;2014-07-16;;active;512512038;true
C01060;41A;41A;bus;localBus;;1020;Transdev Brie et 2 Morin;;Brie et 2 Morin;990000;ffffff;0 100 100 40;ffffff;false;false;false;A00913;LA FERTE-SOUS-JOUARRE (gare SNCF)  - COULOMMIERS (GARE SNCF);;;;2014-07-16;;active;512512041;true
C01073;21;21;bus;;;100;RATP;;;82dc73;000000;41 0 48 14;000000;true;true;true;A00927;21;;;;2014-07-16;;active;100100021;partial
C01076;26;26;bus;;;100;RATP;;;ff5a00;000000;0 65 100 0;000000;true;true;true;A00930;26;;;;2014-07-16;;active;100100026;true
C01077;27;27;bus;;;100;RATP;;;ff5a00;000000;0 65 100 0;000000;true;true;true;A00931;27;;;;2014-07-16;;active;100100027;false
C01081;31;31;bus;;;100;RATP;;;ffbe00;000000;0 25 100 0;000000;true;true;true;A00935;31;;;;2014-07-16;;active;100100031;true
C01085;42;42;bus;;;100;RATP;;;ffbe00;000000;0 25 100 0;000000;true;true;true;A00939;42;;;;2014-07-16;;active;100100042;false
C01087;46;46;bus;;;100;RATP;;;d2d200;000000;0 0 100 18;000000;true;true;true;A00941;46;;;;2014-07-16;;active;100100046;false
C01099;63;63;bus;;;100;RATP;;;d2d200;000000;0 0 100 18;000000;true;true;true;A00953;63;;;;2014-07-16;;active;100100063;partial
C01108;73;73;bus;;;100;RATP;;;6e5b1e;ffffff;0 17 73 57;ffffff;true;true;true;A00962;73;;;;2014-07-16;;active;100100073;false
C01111;76;76;bus;;;100;RATP;;;640082;ffffff;23 100 0 49;ffffff;true;true;true;A00965;76;;;;2014-07-16;;active;100100076;true
C01116;84;84;bus;;;100;RATP;;;d282be;000000;0 38 9 18;000000;true;true;true;A00970;84;;;;2014-07-16;;active;100100084;true
C01119;87;87;bus;;;100;RATP;;;640082;ffffff;23 100 0 49;ffffff;true;true;true;A00973;87;;;;2014-07-16;;active;100100087;true
C01123;92;92;bus;;;100;RATP;;;ffbe00;000000;0 25 100 0;000000;true;true;true;A00977;92;;;;2014-07-16;;active;100100092;partial
C01139;110;110;bus;;;100;RATP;;;640082;ffffff;23 100 0 49;ffffff;true;true;true;A00994;110;;;;2014-07-16;;active;100100110;false
C01140;111;111;bus;;;100;RATP;;;d282be;000000;0 38 9 18;000000;true;true;true;A00995;111;;;;2014-07-16;;active;100100111;true
C01142;113;113;bus;;;100;RATP;;;ff1400;ffffff;0 92 100 0;ffffff;true;true;true;A00997;113;;;;2014-07-16;;active;100100113;false
C01152;123;123;bus;;;100;RATP;;;00643c;ffffff;100 0 36 61;ffffff;true;true;true;A01007;123;;;;2014-07-16;;active;100100123;false
C01153;124;124;bus;;;100;RATP;;;ff82b4;000000;0 49 29 0;000000;true;true;true;A01008;124;;;;2014-07-16;;active;100100124;false
C01158;129;129;bus;;;100;RATP;;;6e6e00;ffffff;0 0 100 57;ffffff;true;true;true;A01013;129;;;;2014-07-16;;active;100100129;true
C01169;144;144;bus;;;100;RATP;;;d282be;000000;0 38 9 18;000000;true;true;true;A01024;144;;;;2014-07-16;;active;100100144;false
C01183;160;160;bus;;;100;RATP;;;00643c;ffffff;100 0 38 61;ffffff;true;true;true;A01039;160;;;;2014-07-16;;active;100100160;true
C01186;164;164;bus;;;100;RATP;;;a0006e;ffffff;0 100 32 37;ffffff;true;true;true;A01043;164;;;;2014-07-16;;active;100100164;false
C01187;165;165;bus;;;100;RATP;;;ff5a00;000000;0 65 100 0;000000;true;true;true;A01044;165;;;;2014-07-16;;active;100100165;false
C01191;170;170;bus;;;100;RATP;;;82c8e6;000000;43 13 0 10;000000;true;true;true;A01049;170;;;;2014-07-16;;active;100100170;false
C01192;171;171;bus;;;100;RATP;;;ff1400;ffffff;0 92 100 0;ffffff;true;true;true;A01050;171;;;;2014-07-16;;active;100100171;false
C01197;176;176;bus;;;100;RATP;;;dc9600;000000;0 32 100 14;000000;true;true;true;A01055;176;;;;2014-07-16;;active;100100176;false
C01217;197;197;bus;;;100;RATP;;;ff1400;ffffff;0 92 100 0;ffffff;true;true;true;A01075;197;;;;2014-07-16;;active;100100197;true
C01229;215;215;bus;;;100;RATP;;;82dc73;000000;41 0 48 14;000000;true;true;true;A01213;215;;;;2014-07-16;;active;100100215;false
C01233;221;221;bus;;;100;RATP;;;ea9999;000000;0 35 35 8;000000;true;true;true;A01090;221;;;;2014-07-16;;active;100100221;false
C01234;234;234;bus;;;100;RATP;;;ff5a00;000000;0 65 100 0;000000;true;true;true;A01091;234;;;;2014-07-16;;active;100100234;true
C01236;237;237;bus;;;100;RATP;;;d282be;000000;0 38 9 18;000000;true;true;true;A01093;237;;;;2014-07-16;;active;100100237;partial
C01248;258;258;bus;;;100;RATP;;;ff1400;ffffff;0 92 100 0;ffffff;true;true;true;A01107;258;;;;2014-07-16;;active;100100258;false
C01251;268;268;bus;;;100;RATP;;;dc9600;000000;0 32 100 14;000000;true;true;true;A01111;268;;;;2014-07-16;;active;100100268;false
C01255;274;274;bus;;;100;RATP;;;ff1400;ffffff;0 92 100 0;ffffff;true;true;true;A01115;274;;;;2014-07-16;;active;100100274;partial
C01258;278;278;bus;;;100;RATP;;;d282be;000000;0 38 9 18;000000;true;true;true;A01118;278;;;;2014-07-16;;active;100100278;false
C01265;290;290;bus;;;100;RATP;;;d282be;000000;0 38 9 18;000000;true;true;true;A01125;290;;;;2014-07-16;;active;100100290;false
C01268;294;294;bus;;;100;RATP;;;d282be;000000;0 38 9 18;000000;unknown;true;true;A01128;294;;;;2014-07-16;;active;100100294;false
C01271;299;299;bus;;;100;RATP;;;e69138;000000;0 37 76 10;000000;true;true;true;A01131;299;;;;2014-07-16;;active;100100299;true
C01275;304;304;bus;;;100;RATP;;;d2d200;000000;0 0 100 18;000000;true;true;true;A01135;304;;;;2014-07-16;;active;100100304;true
C01277;308;308;bus;;;100;RATP;;;82dc73;000000;41 0 48 14;000000;true;true;true;A01137;308;;;;2014-07-16;;active;100100308;true
C01285;321;321;bus;;;100;RATP;;;ffbe00;000000;0 25 100 0;000000;true;true;true;A01143;321;;;;2014-07-16;;active;100100321;false
C01295;346;346;bus;;;100;RATP;;;d2d200;000000;0 0 100 18;000000;true;true;true;A01152;346;;;;2014-07-16;;active;100100346;true
C01300;ROISSYBUS;ROISSYBUS;bus;;;100;RATP;;;ff1400;ffffff;0 100 94 0;ffffff;unknown;true;true;A01157;ROISSYB (OPERA - AEROPORT CDG (T3-ROISSYPOLE));;;https://data.iledefrance-mobilites.fr/api/explore/v2.1/catalog/datasets/referentiel-des-lignes/files/781ca68375e73131e439b7588f897988;2014-07-16;;active;100100352;true
C01304;360;360;bus;;;100;RATP;;;d2d200;000000;0 0 100 18;000000;true;true;true;A01162;360;;;;2014-07-16;;active;100100360;false
C01311;378;378;bus;;;100;RATP;;;00643c;ffffff;100 0 38 61;ffffff;true;true;true;A01170;378;;;;2014-07-16;;active;100100378;false
C01314;388;388;bus;;;100;RATP;;;ffbe00;000000;0 25 100 0;000000;true;true;true;A01173;388;;;;2014-07-16;;active;100100388;false
C01317;391;391;bus;;;100;RATP;;;d2d200;000000;0 0 100 18;000000;true;true;true;A01176;391;;;;2014-07-16;;active;100100391;false
C01321;396;396;bus;;;100;RATP;;;d2d200;000000;0 0 100 18;000000;true;true;true;A01181;396;;;;2014-07-16;;active;100100396;true
C01324;467;467;bus;;;100;RATP;;;6e6e00;ffffff;0 0 100 57;ffffff;true;true;true;A01184;467;;;;2014-07-16;;active;100100467;false
C01326;485;485;bus;;;100;RATP;;;ff5a00;000000;0 65 100 0;000000;true;true;true;A01772;485;;;;2014-07-16;;active;100100485;false
C01328;492;492;bus;;;100;RATP;;;ffbe00;000000;0 25 100 0;000000;false;true;true;A01189;492;;;;2014-07-16;;active;100100492;false
C01334;520;520;bus;;;100;RATP;;;00643c;ffffff;100 0 38 61;ffffff;false;true;true;A01212;GARE DE BRY-SUR-MARNE - LES HAUTS DE BRY;;;;2014-07-16;;active;100100520;false
C01338;EOLIEN;EOLIEN;bus;;;100;RATP;;;82dc73;000000;41 0 48 14;000000;true;true;true;A01205;541 (EOLIEN);;;;2014-07-16;;active;100100541;false
C01345;559;559;bus;;;100;RATP;;;ffbe00;000000;0 25 100 0;000000;true;true;true;A01229;559 - Ligne bleue;;;;2014-07-16;;active;100100559;false
C01350;565;565;bus;;;100;RATP;;;00643c;ffffff;100 0 38 61;ffffff;true;true;true;A01233;565 - Navette Hauts de Rueil;;;;2014-07-16;;active;100100565;false
C01354;TUC;TUC;bus;;;100;RATP;;;f4c931;000000;0 18 80 4;000000;true;true;true;A01222;574 (TUC);;;;2014-07-16;;active;100100574;false
C01360;CHOISYBUS;CHOISYBUS;bus;;;1044;Paris Seine Mobilités;;;dfb039;000000;0 21 74 13;000000;unknown;true;true;A01209;582 (CHOISYBUS);;;;2014-07-16;;active;100100582;true
C01361;V2;V2;bus;;;100;RATP;;;df9ab1;000000;0 31 20 13;000000;true;false;true;A01554;583 (Valouette v2);;;;2014-07-16;;active;100100583;false
C01368;Le Petit Fontenaisien;FONT;bus;;;1022;Transdev Vallée Sud;;Vallée Grand Sud Paris;ff82b4;000000;0 49 29 0;000000;true;unknown;unknown;A01235;594 (Le Petit Fontenaisien);;;;2014-07-16;;active;100100594;false
C01377;7;7;metro;;;100;RATP;;;f49fb3;000000;0 35 27 4;000000;false;unknown;unknown;A01540;7;;;https://data.iledefrance-mobilites.fr/api/explore/v2.1/catalog/datasets/referentiel-des-lignes/files/b29f81837830b3a14fb876aaecc20e9c;2014-07-16;;active;100110007;false
C01378;8;8;metro;;;100;RATP;;;d282be;000000;21 38 0 0;000000;false;unknown;unknown;A01541;8;;;https://data.iledefrance-mobilites.fr/api/explore/v2.1/catalog/datasets/referentiel-des-lignes/files/6dc2bda2dcd7cffbde8cf5a6c194ba59;2014-07-16;;active;100110008;false
C01385;FUNICULAIRE;FUN;funicular;;;100;RATP;;;afafaf;000000;0 0 0 33;000000;true;unknown;unknown;A01548;Funiculaire;;;;2014-07-16;;active;100110100;unknown
C01386;3B;3B;metro;;;100;RATP;;;6ec4e8;000000;53 16 0 9;000000;false;unknown;unknown;A01549;3 Bis;;;https://data.iledefrance-mobilites.fr/api/explore/v2.1/catalog/datasets/referentiel-des-lignes/files/157da4ee0a222feb976fc9acc40c568b;2014-07-16;;active;100110103;false
C01393;N52;N52;bus;nightBus;;100;RATP;;;d2d200;000000;0 0 100 18;000000;true;true;true;A01244;N52;;;;2014-07-16;;active;100987752;false
C01394;N51;N51;bus;nightBus;;100;RATP;;;ffbe00;000000;0 25 100 0;000000;true;true;true;A01245;N51;;;;2014-07-16;;active;100987753;false
C01396;N42;N42;bus;nightBus;;100;RATP;;;dc9600;000000;0 32 100 14;000000;unknown;true;true;A01247;N42;;;;2014-07-16;;active;100987755;false
C01397;N23;N23;bus;nightBus;;100;RATP;;;dc9600;000000;0 32 100 14;000000;unknown;true;true;A01248;N23;;;;2014-07-16;;active;100987756;false
C01398;N34;N34;bus;nightBus;;100;RATP;;;d2d200;000000;0 0 100 18;000000;true;true;true;A01249;N34;;;;2014-07-16;;active;100987757;false
C01401;N21;N21;bus;nightBus;;100;RATP;;;82dc73;000000;41 0 48 14;000000;unknown;true;true;A01252;N21;;;;2014-07-16;;active;100987760;false
C01408;N63;N63;bus;nightBus;;100;RATP;;;d2d200;000000;0 0 100 18;000000;false;true;true;A01259;N63;;;;2014-07-16;;active;100987769;false
C01412;N35;N35;bus;nightBus;;100;RATP;;;ffbe00;000000;0 25 100 0;000000;unknown;true;true;A01263;N35;;;;2014-07-16;;active;100987773;false
C01419;N13;N13;bus;nightBus;;100;RATP;;;ff82b4;000000;0 49 29 0;000000;unknown;true;true;A01270;N13;;;;2014-07-16;;active;100987784;false
C01426;2;2;bus;;;101;STBC;;Apolo 7;0074ba;ffffff;100 38 0 27;ffffff;false;unknown;unknown;A01277;CHELLES (Gare SNCF/RER)  - VAIRES-SUR-MARNE (Paul Algis);;;;2014-07-16;;active;101261026;false
C01436;3303;3303;bus;localBus;;1027;Francilité Pays de Montereau;;Pays de Montereau;c5a3cd;000000;4 20 0 20;000000;unknown;true;true;A01290;VARENNES-SUR-SEINE (Maison rouge)  - CANNES-ECLUSE (Saint-Georges);;;;2014-07-16;;active;208208002;unknown
C01451;3319;3319;bus;localBus;;1027;Francilité Pays de Montereau;;Pays de Montereau;9b9931;ffffff;0 1 68 39;ffffff;unknown;true;true;A01305;EGREVILLE - MONTEREAU-FAUT-YONNE;;;;2014-07-16;;active;208608019;unknown
C01469;3260;3260;bus;localBus;;1030;Francilité Grand Provinois;;Provinois - Brie et Seine;8ad3de;000000;44 0 12 0;000000;false;false;false;A01307;FONTAINE-FOURCHES (CALVAIRE)  - MONTEREAU-FAUT-YONNE (GARE SNCF);;;;2014-07-16;;active;514514138;unknown
C01478;12;12;bus;localBus;;1012;Keolis Argenteuil Boucles de Seine;;Argenteuil - Boucles de Seine;ff8c57;000000;0 45 66 0;000000;unknown;unknown;unknown;A01318;MAISONS-LAFFITTE (GARE)  - MAISONS-LAFFITTE (MAIRIE);;;;2014-07-16;;active;000533012;partial
C01479;1234;1234;bus;localBus;;1040;Francilité Seine et Oise;;Cergy-Pontoise Confluence;dc9650;000000;0 19 88 13;000000;unknown;unknown;unknown;A01319;CONFLANS-STE-HONORINE (GARE DE FIN-D'OISE)  - NEUVILLE-SUR-OISE (GARE RER);;;;2014-07-16;;active;212212014;partial
C01480;1227;1227;bus;localBus;;1040;Francilité Seine et Oise;;Cergy-Pontoise Confluence;9c91c5;000000;21 26 0 23;000000;true;unknown;unknown;A01320;CONFLANS-STE-HONORINE (GARE DE FIN-D'OISE)  - CONFLANS-STE-HONORINE (GARE DE FIN D'OISE);;;;2014-07-16;;active;212212017;partial
C01481;426;426;bus;;;100;RATP;;;6e5b1e;ffffff;0 17 73 57;ffffff;true;true;true;A01323;426;;;;2014-07-16;;active;100100426;false
C01500;7705;7705;bus;expressBus;;1030;Francilité Grand Provinois;;Provinois - Brie et Seine;3bb2ff;000000;77 30 0 0;000000;unknown;false;partial;A01341;PROVINS (SNCF)  - CHESSY (RER);;;;2014-07-16;;active;514514050;unknown
C01501;3251;3251;bus;localBus;;1030;Francilité Grand Provinois;;Provinois - Brie et Seine;006fb6;ffffff;100 54 0 0;ffffff;unknown;false;partial;A01342;PROVINS (GARE ROUTIERE)  - ESTERNAY (PLACE DE L'EGLISE);;;;2014-07-16;;active;514514001;unknown
C01505;7707;7707;bus;expressBus;;1030;Francilité Grand Provinois;;Provinois - Brie et Seine;3bb2ff;ffffff;77 30 0 0;ffffff;unknown;false;partial;A01346;PROVINS (GARE SNCF)  - MONTEREAU-FAUT-YONNE (PAUL ELUARD);;;;2014-07-16;;active;514514007;unknown
C01506;3218;3218;bus;regionalBus;;1030;Francilité Grand Provinois;;Provinois - Brie et Seine;b6134c;ffffff;0 100 46 26;ffffff;unknown;false;false;A01347;NANGIS (GARE SNCF)  - DONNEMARIE-DONTILLY (HAUSSONVILLE);;;;2014-07-16;;active;514514008;unknown
C01507;3211;3211;bus;regionalBus;;1030;Francilité Grand Provinois;;Provinois - Brie et Seine;cec73d;000000;0 3 70 19;000000;unknown;false;false;A01348;PROVINS (VILLE HAUTE)  - NOGENT-SUR-SEINE (THEATRE);;;;2014-07-16;;active;514514011;unknown
C01512;3249;3249;bus;localBus;;1030;Francilité Grand Provinois;;Provinois - Brie et Seine;9b9856;ffffff;19 0 100 33;ffffff;unknown;false;partial;A01353;DONNEMARIE-DONTILLY (Desserte du collège du Montois)  - DONNEMARIE-DONTILLY;;;;2014-07-16;;active;228228016;unknown
C01520;TàD 3209;TàD 3209;bus;demandAndResponseBus;;1030;Francilité Grand Provinois;;Provinois - Brie et Seine;ffcc30;000000;0 19 100 0;000000;unknown;false;partial;A01361;PROVINS (GARE SNCF)  - PROVINS (GARE SNCF);;;;2014-07-16;;active;514514124;unknown
C01537;5133;5133;bus;regionalBus;;1023;Francilité Saint-Quentin-en-Yvelines;;Saint-Quentin-en-Yvelines;82dc73;000000;54 0 54 0;000000;true;true;true;A01375;MONTIGNY-LE-BRETONNEUX (ST-QUENT SNCF)  - ELANCOURT (DE LATTRE DE TASSIGNY);;;;2014-07-16;;active;529529463;partial
C01539;5103;5103;bus;regionalBus;;1023;Francilité Saint-Quentin-en-Yvelines;;Saint-Quentin-en-Yvelines;a0006e;ffffff;26 85 0 0;ffffff;true;true;true;A01377;MONTIGNY-LE-BRETONNEUX (Saint-Quentin Gare)  - GUYANCOURT (Jardin des Gogottes);;;;2014-07-16;;active;529529465;partial
C01540;5152;5152;bus;localBus;;1023;Francilité Saint-Quentin-en-Yvelines;;Saint-Quentin-en-Yvelines;82c8e6;000000;44 0 12 0;000000;true;true;true;A01378;MONTIGNY-LE-BRETONNEUX (St Quentin SNCF)  - GUYANCOURT (Technocentre);;;;2014-07-16;;active;529529466;partial
C01543;7805;7805;bus;expressBus;;1036;Francilité Express Ouest;;Lignes Île-de-France Ouest;3c91dc;ffffff;69 34 0 0;ffffff;true;true;true;A01381;ELANCOURT (PRAGUE)  - PARIS-14 (PORTE D ORLEANS);;;https://data.iledefrance-mobilites.fr/api/explore/v2.1/catalog/datasets/referentiel-des-lignes/files/200bbe5f691204638b86ac718e010b13;2014-07-16;2030-12-31;active;230410475;unknown
C01550;703;703;bus;localBus;;1024;Transdev Nord Seine-Saint-Denis;;Terres d'Envol;3bb2ff;000000;77 30 0 0;000000;false;true;true;A01387;;;;;2014-07-16;;active;507507703;partial
C01557;95-44;95-44;bus;localBus;;1007;Transdev Vexin;;Vexin;ff82b4;000000;0 49 29 0;000000;unknown;unknown;unknown;A01402;ST-CYR-EN-ARTHIES - MAGNY-EN-VEXIN;;;;2014-07-16;;active;501501044;true
C01561;9;9;bus;;;1013;RD Saclay;;Paris Saclay;d7437e;ffffff;0 69 41 16;ffffff;true;true;true;A01407;LES ULIS (CENTRE COMMERCIAL ULIS 2)  - JOUY-EN-JOSAS (GARE DE JOUY-EN JOSAS);;;;2014-07-16;;active;526526102;unknown
C01570;4122;4122;bus;;;1015;Keolis Val d'Yerres Val de Seine;;Val d'Yerres Val de Seine;0055c8;ffffff;100 54 0 20;ffffff;true;unknown;true;A01416;YERRES (gare routère)  - EVRY (gare routière);;;https://data.iledefrance-mobilites.fr/api/explore/v2.1/catalog/datasets/referentiel-des-lignes/files/8cb39b0111fbcc057a6974069e2e4528;2014-07-16;;active;520520109;partial
C01576;604;604;bus;localBus;;293;TRA;;Seine-Saint-Denis;ceadd2;000000;1 17 0 18;000000;false;partial;partial;A01422;GAGNY (Gagny RER)  - MONTFERMEIL (Montfermeil Hôpital);;;;2014-07-16;;active;293193604;false
C01580;610;610;bus;regionalBus;;1024;Transdev Nord Seine-Saint-Denis;;Terres d'Envol;ceadd2;000000;1 17 0 18;000000;true;true;true;A01426;LA COURNEUVE (8 mai 1945)  - SEVRAN (Sevran-Beaudottes RER);;;;2014-07-16;;active;507507610;partial
C01583;615;615;bus;regionalBus;;1024;Transdev Nord Seine-Saint-Denis;;Terres d'Envol;83c491;000000;33 0 26 23;000000;false;true;true;A01429;VILLEPINTE (Gare R.E.R.)  - BOBIGNY (Pablo Picasso);;;;2014-07-16;;active;507507615;partial
C01586;618;618;bus;regionalBus;;1024;Transdev Nord Seine-Saint-Denis;;Terres d'Envol;e3b32a;000000;0 21 81 11;000000;unknown;true;true;A01432;AULNAY-SOUS-BOIS (Gare R.E.R.)  - SEVRAN (Général de Gaulle.);;;;2014-07-16;;active;507507618;partial
C01587;619;619;bus;localBus;;1024;Transdev Nord Seine-Saint-Denis;;Terres d'Envol;83c491;000000;33 0 26 23;000000;false;true;true;A01433;TREMBLAY-EN-FRANCE (Les Cottages, Lycée)  - VILLEPINTE - VILLEPINTE (Vert Galant R.E.R.);;;;2014-07-16;;active;507507619;partial
C01604;Z;Z;bus;regionalBus;;1011;RD Mantois;;Mantois;cec73d;000000;14 0 100 11;000000;true;partial;partial;A01456;BUCHELAY Béarn - MANTES LA JOLIE Gare Routière;;;;2014-07-16;;active;000535310;unknown
C01614;G;G;bus;regionalBus;;1011;RD Mantois;;Mantois;b6134c;ffffff;0 100 46 26;ffffff;unknown;unknown;unknown;A01465;MANTES LA JOLIE Sainte Anne - BUCHELAY Porte de Normandie;;;;2014-07-16;;active;000535028;unknown
C01619;4204;4204;bus;;;1038;TISSE;;Evry Centre Essonne;d2d200;000000;0 0 100 18;000000;true;unknown;unknown;A01469;RIS-ORANGIS (Gare de Ris-Orangis Bois de l'Epine) - SOISY-SUR-SEINE (Les Meillottes);;;https://data.iledefrance-mobilites.fr/api/explore/v2.1/catalog/datasets/referentiel-des-lignes/files/ecf8e6c83f4b3f758e6860ca58d14424;2014-07-16;;active;400400404;partial
C01626;4213;4213;bus;;;1038;TISSE;;Evry Centre Essonne;ffbe00;000000;0 25 100 0;000000;true;unknown;unknown;A01476;RIS-ORANGIS (C,C, les Aunettes)  - COURCOURONNES - BONDOUFLE (Coccinelles);;;https://data.iledefrance-mobilites.fr/api/explore/v2.1/catalog/datasets/referentiel-des-lignes/files/cc93563744492b79f4c3b805d9257655;2014-07-16;;active;400400413;partial
C01633;N132;N132;bus;nightBus;;1026;Transdev Pays de Fontainebleau;;Fontainebleau - Moret;008b5a;ffffff;100 0 35 45;ffffff;unknown;true;true;A01482;N132 - NOCTILIEN - Paris Gare de Lyon - Melun Gare RER;;;;2014-07-16;;active;516987132;partial
C01636;N131;N131;bus;nightBus;;1033;Transdev Cœur Essonne;;Cœur d’Essonne;ffbe00;000000;0 19 100 0;000000;true;true;true;A01485;N131 - NOCTILIEN - Paris Gare de Lyon - Bretigny-Sur-Orge;;;;2014-07-16;;active;525525131;partial
C01637;N150;N150;bus;nightBus;;1007;Transdev Vexin;;Vexin;ed1b2a;ffffff;0 89 82 7;ffffff;true;unknown;unknown;A01486;N150 - NOCTILIEN - Paris Gare St-Lazare - Cergy le Haut;;;;2014-07-16;;active;800987007;false
C01639;N141;N141;bus;nightBus;;1019;Transdev Marne-et-Ourcq;;Meaux et Ourcq;1765ae;ffffff;89 56 0 1;ffffff;true;unknown;unknown;A01490;N141 - NOCTILIEN - Paris Gare de l'Est - Meaux;;;;2014-07-16;;active;800987009;partial
C01642;N134;N134;bus;nightBus;;1015;Keolis Val d'Yerres Val de Seine;;Val d'Yerres Val de Seine;00814f;ffffff;100 0 39 49;ffffff;unknown;true;true;A01495;N134 - NOCTILIEN - Paris Gare de Lyon -Combs-La-Ville;;;https://data.iledefrance-mobilites.fr/api/explore/v2.1/catalog/datasets/referentiel-des-lignes/files/de1aa833094786556b6021714a1fe939;2014-07-16;;active;800987012;partial
C01645;N139;N139;bus;nightBus;;1038;TISSE;;Evry Centre Essonne;00643c;ffffff;100 0 39 61;ffffff;true;unknown;unknown;A01492;N139 - NOCTILIEN;;;https://data.iledefrance-mobilites.fr/api/explore/v2.1/catalog/datasets/referentiel-des-lignes/files/25dac80e2bc74c47f28e77d5fec258da;2014-07-16;;active;800987015;partial
C01653;S3;S3;bus;;;1013;RD Saclay;;Paris Saclay;b6d061;000000;12 0 54 19;000000;false;unknown;unknown;A02382;PALAISEAU - ORSAY - VILLEBON;;;;2014-07-16;;active;526526026;unknown
C01659;1301;1301;bus;regionalBus;;1039;Keolis Nord Val d’Oise;;Haut Val d'Oise;f3a4ba;000000;0 47 11 0;000000;unknown;true;true;A01723;BRUYERES-SUR-OISE (ZAE LES AUBINS)  - PERSAN (ZAE CHEMIN VERT);;;;2014-07-16;;active;046146069;partial
C01672;4216;4216;bus;;;1038;TISSE;;Evry Centre Essonne;ff82b4;000000;0 49 29 0;000000;true;unknown;unknown;A01751;EVRY (Gare d'Evry Courcouronnes Centre) - LISSES (Ferme des Folies);;;https://data.iledefrance-mobilites.fr/api/explore/v2.1/catalog/datasets/referentiel-des-lignes/files/fe09fc84823a806e8a52edc746aec0e0;2014-07-16;;active;400400416;partial
C01681;3;3;bus;regionalBus;;1012;Keolis Argenteuil Boucles de Seine;;Argenteuil - Boucles de Seine;00643c;ffffff;100 0 83 24;ffffff;true;unknown;unknown;A01754;CORMEILLES (Gare)  - BEZONS (Pont de Bezons);;;;2014-07-16;;active;000533003;partial
C01684;T5;T5;tram;;;100;RATP;;;62259d;ffffff;38 77 1 38;ffffff;true;unknown;unknown;A01760;T5;;;https://data.iledefrance-mobilites.fr/api/explore/v2.1/catalog/datasets/referentiel-des-lignes/files/96aee20f2627ccacff25a9bc23b96cbc;2014-07-16;;active;100112015;true
C01686;3308;3308;bus;localBus;;1027;Francilité Pays de Montereau;;Pays de Montereau;78c696;000000;39 0 24 22;000000;unknown;true;true;A02714;LAVAL-EN-BRIE (La Morelle) - MONTEREAU-FAUT-YONNE (Gare SNCF);;;;2014-07-16;;active;208208017;unknown
C01696;248;248;bus;;;100;RATP;;;d282be;000000;0 38 9 18;000000;true;true;true;A01763;248;;;;2014-07-16;;active;100100248;false
C01701;6161;6161;bus;;;1017;Keolis Vélizy Vallée de la Bièvre;;Vélizy Vallées;ff5a00;000000;0 53 78 0;000000;unknown;true;true;A00452;Yvelines 262AB;;;;2014-07-16;;active;527527261;partial
C01710;487;487;bus;;;100;RATP;;;ffbe00;000000;0 25 100 0;000000;true;true;true;A01773;487;;;;2014-07-16;;active;100100487;false
C01711;DM11E;DM11E;bus;;;1013;RD Saclay;;Paris Saclay;d6c900;ffffff;0 6 100 16;ffffff;unknown;unknown;unknown;A00590;MASSY (GARE RER)  - STE-GENEVIEVE-DES-BOIS (PISCINE);;;;2014-07-16;;active;526526124;unknown
C01712;Filéo Survilliers (sur réservation);Filéo SF;bus;demandAndResponseBus;;1028;Keolis Roissy Pays de France Ouest;;Roissy Ouest;fece00;000000;0 19 100 0;000000;unknown;false;false;A01775;Filéo Fosses-roissypôle;Réservation obligatoire;Réserver votre trajet par téléphone au 01.74.37.24.77 ou en ligne via notre site internet www.fileo.com ou téléchargez notre application Fileo.;;2014-07-16;;active;116295008;partial
C01727;C;C;rail;local;;800;SNCF;;RER;ffcc30;000000;0 19 100 0;000000;false;unknown;unknown;A01840;RER C;;;https://data.iledefrance-mobilites.fr/api/explore/v2.1/catalog/datasets/referentiel-des-lignes/files/099e5a6dd7b15cfbd61d1e11c3d18fb6;2014-07-16;;active;800803071;unknown
C01738;K;K;rail;suburbanRailway;;800;SNCF;;Transilien;9b9842;ffffff;19 0 100 33;ffffff;false;unknown;unknown;A02175;Transilien K;;;https://data.iledefrance-mobilites.fr/api/explore/v2.1/catalog/datasets/referentiel-des-lignes/files/9ad21084ef4c6dce87364c6452422ef5;2014-07-16;;active;800853022;unknown
C01742;A;A;rail;local;;800;SNCF;100;RER;eb2132;ffffff;0 100 94 0;ffffff;false;unknown;unknown;A01856;RER A;;;https://data.iledefrance-mobilites.fr/api/explore/v2.1/catalog/datasets/referentiel-des-lignes/files/4049307fabd1b0db3fc129d52fbf0b76;2014-07-16;;active;810801041;true
C01744;TER Centre - Val de Loire;TER;rail;regionalRail;;800;SNCF;;TER;aaaaaa;000000;0 0 0 33;000000;unknown;unknown;unknown;A02172;TER Centre - Val de Loire (Ligne N);;;;2014-07-16;;active;800872003;unknown
C01745;TER Bourgogne - Franche-Comté;TER;rail;regionalRail;;800;SNCF;;TER;aaaaaa;000000;0 0 0 33;000000;unknown;unknown;unknown;A02171;TER Bourgogne - Franche-Comté (Ligne R);;;;2014-07-16;;active;800871002;unknown
C01753;3655;3655;bus;localBus;;1009;Transdev Melun;;Grand Melun;00643c;ffffff;100 24 87 0;ffffff;unknown;true;true;A00695;BOISSISE-LE-ROI - DAMMARIE-LES-LYS - LE MEE-SUR-SEINE;;;;2014-07-16;;active;518518056;partial
C01765;4322;4322;bus;localBus;;1016;Keolis Val d'Essonne Deux Vallées;;Essonne Sud Est;ff82b4;000000;0 47 11 0;000000;unknown;unknown;unknown;A02357;ITTEVILLE SAINT GERMAIN - ITTEVILLE COLLEGE DOISNEAU;;;;2014-07-16;;active;531531222;partial
C01766;116;116;bus;;;1013;RD Saclay;;Paris Saclay;ff6600;ffffff;0 60 100 0;ffffff;false;unknown;unknown;A02133;Gare d'Epinay - EPINAY SUR ORGE;;;;2014-07-16;;active;526526029;unknown
C01777;2168;2168;bus;;;1029;Keolis Roissy Pays de France Est;;Roissy Est;f78f4b;000000;0 42 70 3;000000;false;true;true;A02138;Mitry Mory (Gare de Mitry-Claye) - Claye-Souilly (Passerelle RN3);;;;2014-09-19;;active;054054012;partial
C01799;6160;6160;bus;;;1017;Keolis Vélizy Vallée de la Bièvre;;Vélizy Vallées;a50034;ffffff;0 100 46 26;ffffff;unknown;true;true;A00453;260 Versailles - Magny-les-Hameaux;;;;2014-11-26;;active;527527262;partial
C01807;N66;N66;bus;nightBus;;100;RATP;;;ff1400;ffffff;0 92 100 0;ffffff;false;true;true;A02155;N66;;;;2014-12-15;;active;100987796;false
C01808;254;254;bus;;;100;RATP;;;82dc73;000000;41 0 48 14;000000;true;true;true;A01104;254;;;;2014-12-15;;active;100100254;false
C01810;EXPRESS 9118;9118;bus;localBus;;1033;Transdev Cœur Essonne;;Cœur d’Essonne;3c91dc;ffffff;69 34 0 0;ffffff;true;true;true;A02538;ZI CROIX BLANCHE - PORTE D'ORLEANS;;;;2015-01-22;;active;525525208;true
C01811;4306;4306;bus;localBus;;1016;Keolis Val d'Essonne Deux Vallées;;Essonne Sud Est;d282be;000000;21 38 0 0;000000;false;unknown;unknown;A00085;La Ferté Alais (Gare RER) - Lardy (Gare de Bouray);;;;2015-01-22;;active;531531016;partial
C01823;Filéo Saint-Pathus (sur réservation);Filéo SP;bus;demandAndResponseBus;;1028;Keolis Roissy Pays de France Ouest;;Roissy Ouest;e01921;ffffff;0 78 75 12;ffffff;unknown;false;false;A02167;Fileo Saint-Pathus;Réservation obligatoire;Réserver votre trajet par téléphone au 01.74.37.24.77 ou en ligne via notre site internet www.fileo.com ou téléchargez notre application Fileo.;;2015-05-05;;active;116277009;partial
C01844;K;K;bus;;REPLACEMENT_LINE_TYPE;800;SNCF;;Transilien;9b9842;ffffff;46 33 100 0;ffffff;false;unknown;unknown;A02175;Transilien K;;;https://data.iledefrance-mobilites.fr/api/explore/v2.1/catalog/datasets/referentiel-des-lignes/files/9ad21084ef4c6dce87364c6452422ef5;2015-06-05;;active;800853522;unknown
C01862;TER Hauts-de-France Bus;TER;bus;;REPLACEMENT_LINE_TYPE;800;SNCF;;TER;aaaaaa;000000;0 0 0 33;000000;unknown;unknown;unknown;A02173;TER Hauts-de-France (Ligne H ou D/H);;;;2015-06-05;;active;800873505;unknown
C01871;5111;5111;bus;;;1023;Francilité Saint-Quentin-en-Yvelines;;Saint-Quentin-en-Yvelines;82c8e6;000000;44 0 12 0;000000;unknown;unknown;unknown;A00366;ST QUENTIN EN YVELINES PLAISIR GRIGNON;;;;2015-08-18;;active;529529016;true
C01875;30-48;30-48;bus;localBus;;1041;Francilité Val Parisis;;Val Parisis;3fb498;ffffff;70 0 50 0;ffffff;true;true;true;A02164;HERBLAY (Gare) - HERBLAY (Jean-Baptiste Poquelin);;;;2015-08-28;;active;030030048;unknown
C01895;TàD Saint-Fargeau;TàD;bus;demandAndResponseBus;;1009;Transdev Melun;;Grand Melun;ffbe00;000000;0 19 100 0;000000;false;unknown;unknown;A01799;TAD ST FARGEAU;Réservation obligatoire;"Réservez jusqu’à une heure avant le départ sur internet,
via l’application mobile, ou par téléphone 09 70 80 96 63.";;2015-12-03;;active;518518010;true
C01934;6284;6284;bus;localBus;;1034;Transdev Versailles;;Grand Versailles;6e6e00;ffffff;0 0 100 57;ffffff;false;true;true;A00614;GARCHES Mairie - BUC Lycée Franco-Allemand;;;;2015-12-10;;active;528528021;true
C01954;5259;5259;bus;localBus;;1037;Transdev Sud Yvelines;;Centre et Sud Yvelines;f59eb3;000000;0 32 0 9;ffffff;false;true;true;A02190;LE-PERRAY-EN-YVELINES - LES-ESSARTS-LE-ROI;;;;2016-08-29;;active;530530059;false
C01956;4220;4220;bus;;;1038;TISSE;;Evry Centre Essonne;00643c;ffffff;100 0 40 61;ffffff;true;unknown;unknown;A02222;EPINAY-SUR-ORGE RER - GRIGNY CENTRE RER;;;https://data.iledefrance-mobilites.fr/api/explore/v2.1/catalog/datasets/referentiel-des-lignes/files/7f3fc6d9bff9161334a86ffb8dc5abe5;2016-08-29;;active;400400420;partial
C01957;5216;5216;bus;localBus;;1037;Transdev Sud Yvelines;;Centre et Sud Yvelines;00b397;ffffff;0 0 0 25;000000;false;true;true;A02223;MAULETTE Thionville-sur-Opton <> Gare de MONTFORT-L'AMAURY - MÉRÉ;;;;2016-08-29;;active;530530016;false
C01960;3533;3533;bus;;;1031;Transdev Vallée du Loing;;Vallée du Loing - Nemours;d282be;000000;21 38 0 0;000000;false;true;true;A02908;NEMOURS - FONTAINEBLEAU;;;;2016-09-12;;active;517517307;partial
C01964;3542;3542;bus;;;1031;Transdev Vallée du Loing;;Vallée du Loing - Nemours;82dc73;ffffff;54 0 54 0;ffffff;false;true;true;A02912;VOULX - NEMOURS;;;;2016-09-12;;active;517517309;partial
C01966;3512;3512;bus;;;1031;Transdev Vallée du Loing;;Vallée du Loing - Nemours;a0006e;ffffff;26 85 0 0;ffffff;false;true;true;A02914;BRANSLES - SAINT PIERRE LES NEMOURS;;;;2016-09-12;;active;517517211;partial
C01970;3517;3517;bus;;;1031;Transdev Vallée du Loing;;Vallée du Loing - Nemours;0055c8;ffffff;100 54 0 0;ffffff;false;true;true;A02917;BEAUMONT DU GATINAIS - NEMOURS CITE SCOLAIRE;;;;2016-09-12;;active;517517213;partial
C01977;4432;4432;bus;;;1018;Francilité Ouest Essonne;;Essonne Sud Ouest;00a88f;ffffff;100 0 15 34;ffffff;false;unknown;unknown;A02446;Lardy - Gare de Bouray -Étampes - HLM Bas;;;;2016-09-12;;active;524524322;partial
C01988;5348;5348;bus;localBus;;1037;Transdev Sud Yvelines;;Centre et Sud Yvelines;ffcd03;000000;0 0 100 0;000000;false;true;true;A02203;TACOIGNIERES - BAZAINVILLE;;;;2016-08-29;;active;530530048;false
C01990;5355;5355;bus;localBus;;1037;Transdev Sud Yvelines;;Centre et Sud Yvelines;e0b03b;000000;0 20 100 0;000000;false;true;true;A02201;THOIRY- ORGERUS;;;;2016-08-29;;active;530530055;false
C01992;5317;5317;bus;localBus;;1037;Transdev Sud Yvelines;;Centre et Sud Yvelines;cec92b;000000;45 0 61 0;000000;false;true;true;A02206;MONTFORT-L'AMAURY Bois Renoult <> LA-QUEUE-LEZ-YVELINES/MÉRÉ;;;;2016-09-27;;active;530530117;false
C01994;21S;21S;bus;localBus;;1019;Transdev Marne-et-Ourcq;;Meaux et Ourcq;be4999;ffffff;0 62 19 25;ffffff;false;unknown;unknown;A02641;Boutigny - Magny Saint Loup <> Nanteuil-lés-Meaux - Collège de la Dhuis;;;;2016-09-28;;active;511511121;partial
C02005;30-03;30-03;bus;localBus;;1041;Francilité Val Parisis;;Val Parisis;e50051;ffffff;0 100 50 0;ffffff;unknown;true;true;A00380;FRANCONVILLE (GARE)  - FRANCONVILLE (GARE);;;;2017-05-15;;active;030030003;unknown
C02007;168;168;bus;;;100;RATP;;;82c8e6;000000;43 13 0 10;000000;true;true;true;A02232;SAINT-DENIS (Université) - SARCELLES (Chantepie);;;;2017-06-01;;active;100100168;false
C02019;Bus de substitution du tram T11;T11;bus;;REPLACEMENT_LINE_TYPE;1042;STRETTO;;;f58f53;000000;0 53 78 0;000000;unknown;unknown;unknown;A02225;T11;;;;2017-08-11;;active;800850512;unknown
C02022;4327;4327;bus;localBus;;1016;Keolis Val d'Essonne Deux Vallées;;Essonne Sud Est;ff82b4;000000;0 47 11 0;000000;unknown;unknown;unknown;A02242;Mennecy - Ormoy;;;;2017-09-06;;active;531531227;partial
C02024;4329;4329;bus;localBus;;1016;Keolis Val d'Essonne Deux Vallées;;Essonne Sud Est;82c8e6;000000;44 0 12 0;000000;unknown;unknown;unknown;A02243;Le Coudray Montceaux - Mennecy;;;;2017-09-06;;active;531531229;partial
C02027;260;260;bus;;;100;RATP;;;ffbe00;000000;0 25 100 0;000000;true;true;true;A02259;BOULOGNE-BILLANCOURT (Boulogne - Gambetta) PARIS (Suzanne Lenglen);;;;2017-10-06;;active;100100260;false
C02039;4580;4580;bus;;;1033;Transdev Cœur Essonne;;Cœur d’Essonne;82c8e6;000000;44 0 12 0;000000;unknown;true;true;A00586;EGLY (Gare RER)  - LA NORVILLE (Collège Camus);;;;2017-11-17;;active;525525090;partial
C02061;32;32;bus;;;1028;Keolis Roissy Pays de France Ouest;;Roissy Ouest;00814f;ffffff;100 0 39 49;ffffff;false;true;true;A02281;Filéo - GOUSSAINVILLE - ROISSYPOLE (RER);;;;2017-12-19;;active;116295032;partial
C02062;EX 100;EX 100;bus;expressBus;;116;Keolis Mobilité Roissy;;;3c91dc;ffffff;69 34 0 0;ffffff;false;true;true;A01418;193-100 :  pôle à pôle Montfermeil/Clichy - Roissy CDG;;;;2017-12-19;;active;116193100;partial
C02074;12C;12C;bus;localBus;;1020;Transdev Brie et 2 Morin;;Brie et 2 Morin;3d85c6;ffffff;69 33 0 22;ffffff;false;false;false;A02630;MOUROUX (PLACE DE LA MAIRIE) - COULOMMIERS (CITE SCOLAIRE);;;;2018-01-18;;active;512512312;true
C02077;31A;31A;bus;localBus;;1020;Transdev Brie et 2 Morin;;Brie et 2 Morin;ffbe00;000000;0 19 100 0;000000;false;false;false;A00904;BEAUTHEIL (EGLISE)  - FAREMOUTIERS (COLLEGE LOUISE MICHEL);;;;2018-01-25;;active;512512231;true
C02090;3122;3122;bus;localBus;;1025;Keolis Portes et Val de Brie;;Pays Briard;c5a3cd;000000;4 20 0 20;000000;false;true;true;A00917;FONTENAY-TRESIGNY (rue bertaux)  - ROZAY-EN-BRIE - COULOMMIERS (cité scolaire);;;https://data.iledefrance-mobilites.fr/api/explore/v2.1/catalog/datasets/referentiel-des-lignes/files/a6a95473bdd3a122d39b1e8705734916;2018-02-07;;active;513513028;partial
C02107;3137;3137;bus;localBus;;1025;Keolis Portes et Val de Brie;;Pays Briard;f59eb3;000000;0 36 27 4;000000;false;true;true;A00909;MELUN (place de l'ermitage/gare sncf)  - OZOUER-LE-VOULGIS (les Etards);;;https://data.iledefrance-mobilites.fr/api/explore/v2.1/catalog/datasets/referentiel-des-lignes/files/d1642112c3cb57748e633489ba10faa1;2018-03-08;;active;513513037;partial
C02111;443;443;bus;;;1032;Transdev Côteaux de la Marne;;Marne et Seine;6e6e00;ffffff;19 0 100 33;ffffff;false;true;true;A00468;SUCY-EN-BRIE (R.E.R.)  - SUCY-EN-BRIE (Lycée de Sucy);;;;2018-03-12;;active;521521041;true
C02121;3130;3130;bus;localBus;;1025;Keolis Portes et Val de Brie;;Pays Briard;b80c4b;ffffff;0 93 59 28;ffffff;false;true;true;A00903;TOURNAN-EN-BRIE (GARE SNCF)  - MELUN (PLACE DE L'ERMITAGE);;;https://data.iledefrance-mobilites.fr/api/explore/v2.1/catalog/datasets/referentiel-des-lignes/files/3f58fcb70fe869a1917be7791c758c88;2018-03-27;;active;513513030;partial
C02131;6;6;bus;;;101;STBC;;Apolo 7;af171a;ffffff;0 87 85 32;ffffff;false;unknown;unknown;A02275;CHELLES (GARE) - VAIRES-TORCY (GARE);;;;2018-04-26;;active;101261022;false
C02132;9s;9s;bus;;;101;STBC;;Apolo 7;19b200;ffffff;86 0 100 30;ffffff;false;unknown;unknown;A02276;CHELLES (GARE) - CHELLES (GARE) via ABBESSES;;;;2018-04-26;;active;101261123;false
C02133;9;9;bus;;;101;STBC;;Apolo 7;19b200;ffffff;86 0 100 30;ffffff;false;unknown;unknown;A02276;CHELLES (GARE) - CHELLES (GARE) via ABBESSES;;;;2018-04-26;;active;101261023;false
C02136;7;7;bus;;;101;STBC;;Apolo 7;97bf35;000000;21 0 72 25;000000;false;unknown;unknown;A01275;CHELLES (Gare SNCF/RER)  - CHELLES (Gare SNCF/RER);;;;2018-04-26;;active;101261021;false
C02138;4s;4s;bus;;;101;STBC;;Apolo 7;dc9015;000000;0 34 90 14;000000;false;unknown;unknown;A01276;CHELLES (Gare Routière)  - CLAYE-SOUILLY (mairie);;;;2018-04-26;;active;101261124;false
C02142;L;L;bus;localBus;;1012;Keolis Argenteuil Boucles de Seine;;Argenteuil - Boucles de Seine;8cc7ff;ffffff;45 22 0 0;ffffff;true;unknown;unknown;A02261;HOUILLES-CARRIERES (RER) - CHATOU (MAYOLY);;;;2018-05-17;;active;000533105;partial
C02145;S3;S3;bus;localBus;;1012;Keolis Argenteuil Boucles de Seine;;Argenteuil - Boucles de Seine;a38c57;ffffff;0 14 47 36;ffffff;false;unknown;unknown;A00308;CHATOU (Gare RER)  - CHATOU (Gare RER);;;;2018-05-18;;active;000533202;partial
C02161;71;71;bus;;;1011;RD Mantois;;Mantois;b6134c;ffffff;0 100 46 26;ffffff;unknown;true;true;A00886;GASNY Salle des fêtes - BONNIERES SUR SEINE SNCF ou BONNIERES SUR SEINE SNCF - VERNON Saint Adjutor;;;;2018-07-13;;active;000535001;unknown
C02171;5183;5183;bus;;;1023;Francilité Saint-Quentin-en-Yvelines;;Saint-Quentin-en-Yvelines;ff1400;ffffff;0 100 94 0;ffffff;unknown;unknown;unknown;A02284;PLAISIR (SERVICES SCOLAIRES);;;;2018-07-13;;active;529529113;partial
C02184;6254;6254;bus;localBus;;1034;Transdev Versailles;;Grand Versailles;ff82b4;000000;0 49 29 0;000000;unknown;true;true;A00862;SAINT-CYR-L'ECOLE Ferme de Gally - GUYANCOURT Droits de l'Homme;;;;2018-08-01;;active;528528107;false
C02186;4463;4463;bus;;;1018;Francilité Ouest Essonne;;Essonne Sud Ouest;f28e42;000000;0 41 73 5;000000;false;unknown;unknown;A02435;Limours - Monument - Dourdan - La Forêt;;;;2018-08-22;;active;524524063;partial
C02193;3773;3773;bus;localBus;;1003;Transdev Senart;;Sénart;ff82b4;000000;0 47 11 0;000000;false;true;true;A02576;Savigny-le-Temple - Gare de Savigny Nandy Vert-Saint-Denis - Lycée Sonia Delaunay;;;;2018-08-22;;active;519519063;false
C02202;3411;3411;bus;;;1026;Transdev Pays de Fontainebleau;;Fontainebleau - Moret;640082;ffffff;75 100 0 0;ffffff;false;true;true;A00684;Mairie Place Vulaines <=> Collège Arnaud Beltrame Vulaines sur Seine;;;;2018-08-28;;active;516516111;partial
C02204;7802;7802;bus;expressBus;;1036;Francilité Express Ouest;;Lignes Île-de-France Ouest;3c91dc;ffffff;69 34 0 0;ffffff;false;true;true;A01314;CERGY (Préfecture)  - ST-GERMAIN-EN-LAYE (RER);;;https://data.iledefrance-mobilites.fr/api/explore/v2.1/catalog/datasets/referentiel-des-lignes/files/fb6ed99c62758b57dd507c0379739c1d;2018-09-07;2030-12-31;active;212212003;unknown
C02216;5123;5123;bus;;;1023;Francilité Saint-Quentin-en-Yvelines;;Saint-Quentin-en-Yvelines;6e6e00;ffffff;19 0 100 33;ffffff;unknown;unknown;unknown;A00418;MAUREPAS - LA VERRIERE;;;;2018-11-23;;active;529529012;true
C02232;Ms;Ms;bus;;;1019;Transdev Marne-et-Ourcq;;Meaux et Ourcq;38761d;ffffff;53 0 75 54;ffffff;unknown;unknown;unknown;A02640;Trilport - Route de Fublaines <> Meaux - Jean Rose;;;;2019-01-18;;active;511511220;partial
C02235;Ns;Ns;bus;;;1019;Transdev Marne-et-Ourcq;;Meaux et Ourcq;38761d;ffffff;53 0 75 54;ffffff;unknown;unknown;unknown;A02651;Meaux - Gare de Meaux (Qaui 1) <> Villenoy - Institut des Métiers;;;;2019-01-21;;active;511511210;partial
C02239;6246;6246;bus;;;1034;Transdev Versailles;;Grand Versailles;a0006e;ffffff;26 85 0 0;ffffff;unknown;true;true;A01326;BOULOGNE-BILLANCOURT (Gambetta) - LA CELLE-ST-CLOUD (Gare SNCF);;;;2014-07-16;;active;528528460;partial
C02246;71;71;bus;;;100;RATP;;;6e5b1e;ffffff;0 17 73 57;ffffff;true;true;true;A02315;PARIS (Bibliothèque François Mitterand) - PARIS (Porte de la Villette);;;;2019-03-01;;active;100100071;false
C02252;Ks;Ks;bus;;;1019;Transdev Marne-et-Ourcq;;Meaux et Ourcq;a3c2e6;000000;29 15 0 10;000000;unknown;unknown;unknown;A02644;Nanteuil-lès-Meaux - Collège de la Dhuis <> Mareuil-lès-Meaux - Cimetière;;;;2019-03-06;;active;511511164;partial
C02261;Soirée Vigneux;Soir;bus;demandAndResponseBus;;1015;Keolis Val d'Yerres Val de Seine;;Val d'Yerres Val de Seine;662583;ffffff;22 72 0 49;ffffff;unknown;unknown;unknown;A02340;TAD DRAVEIL/ MONTGERON/ VIGNEUX SUR SEINE;Bus Soirée;"À la gare de Vigneux-sur-Seine, le bus m’attend à la sortie de la Gare ! Pas besoin de réserver ! 
- Je valide mon titre de transport
- J’indique au conducteur mon arrêt de descente
- L'itinéraire est adapté en fonction des demandes";;2019-07-22;;active;520520015;partial
C02262;Soirée Montgeron;Soir;bus;demandAndResponseBus;;1015;Keolis Val d'Yerres Val de Seine;;Val d'Yerres Val de Seine;662583;ffffff;22 72 0 49;ffffff;unknown;unknown;unknown;A02340;TAD DRAVEIL/ MONTGERON/ VIGNEUX SUR SEINE;Bus Soirée;"À la gare de Montgeron, le bus m’attend à la sortie de la Gare ! Pas besoin de réserver ! 
- Je valide mon titre de transport
- J’indique au conducteur mon arrêt de descente
- L'itinéraire est adapté en fonction des demandes";https://data.iledefrance-mobilites.fr/api/explore/v2.1/catalog/datasets/referentiel-des-lignes/files/902b1e0034e86fc67ae276430cfb155d;2019-07-22;;active;520520015;partial
C02266;T'bus 2;T'bus 2;bus;regionalBus;;1024;Transdev Nord Seine-Saint-Denis;;Terres d'Envol;fece00;000000;0 19 100 0;000000;unknown;true;true;A02464;VERT GALANT - PARC DES EXPOSITIONS;;;;2019-09-02;;active;507507092;partial
C02269;Express A14 Chambourcy;A14;bus;expressBus;;1021;Transdev Boucle des Lys;;Saint Germain Boucles de Seine;3bb2ff;000000;77 30 0 0;000000;unknown;unknown;unknown;A02331;CHAMBOURCY - LA DEFENSE;;;;2019-08-21;;active;532987004;partial
C02276;3631;3631;bus;;;1009;Transdev Melun;;Grand Melun;640082;ffffff;75 100 0 0;ffffff;unknown;true;true;A02519;Gare de Ponthierry-Pringy - Gare de Melun;;;;2019-08-26;;active;518518091;partial
C02314;263;263;bus;;;100;RATP;;;ff82b4;000000;0 49 29 0;000000;true;true;true;A02360;Suresnes – De Gaulle / Place de la Boule;;;;2020-03-02;;active;100100263;partial
C02351;445;445;bus;;;1032;Transdev Côteaux de la Marne;;Marne et Seine;e15a00;000000;0 53 78 0;000000;unknown;true;true;A00469;SUCY-EN-BRIE ( R.E.R.)  - BOISSY-ST-LEGER (R.E.R.);;;;2020-05-05;;active;521521051;true
C02355;18;18;bus;;;1013;RD Saclay;;Paris Saclay;cfc83b;000000;0 3 58 19;000000;false;unknown;unknown;A02381;PALAISEAU (GARE DE PALAISEAU VILLEBON) - VILLEBON-SUR-YVETTE (CC VILLEBON 2);;;;2020-07-06;;active;526526118;unknown
C02369;TER Centre - Val de Loire Bus;TER Bus;bus;;REPLACEMENT_LINE_TYPE;800;SNCF;;;aaaaaa;000000;0 0 0 33;000000;unknown;unknown;unknown;A02391;TER Centre - Val de Loire (Ligne R);;;;2020-06-30;;active;800872005;unknown
C02370;TER Normandie;TER;rail;regionalRail;;800;SNCF;;TER;aaaaaa;000000;0 0 0 33;000000;unknown;unknown;unknown;A02392;TER Normandie (Ligne N);;;;2020-06-30;;active;800874009;unknown
C02373;TER Hauts-de-France Bus;TER;bus;;REPLACEMENT_LINE_TYPE;800;SNCF;;;aaaaaa;000000;0 0 0 33;000000;unknown;unknown;unknown;A02393;TER Hauts-de-France (Ligne D);;;;2020-06-30;;active;800873006;unknown
C02385;Bus de substitution du RER B;BUSRERB;bus;;REPLACEMENT_LINE_TYPE;800;SNCF;1035/100;RER;5091cb;ffffff;69 34 0 0;ffffff;unknown;unknown;unknown;A01857;RER B;;;;2020-07-23;;active;100100721;unknown
C02390;4272;4272;bus;;;1038;TISSE;;Evry Centre Essonne;ff5a00;000000;0 65 100 0;000000;unknown;unknown;unknown;A00851;COURCOURONNES - ETIOLLES - EVRY;;;https://data.iledefrance-mobilites.fr/api/explore/v2.1/catalog/datasets/referentiel-des-lignes/files/0a286e8f55179c4987556be5ee0e277d;2020-09-01;;active;070070012;partial
C02396;DM151S;DM151S;bus;;;1013;RD Saclay;;Paris Saclay;e4b428;000000;0 21 82 11;000000;unknown;true;true;A02377;LINAS MAIRIE - MONTLHERY PAUL FORT - LA NORVILLE LYCEE CASSIN;;;;2020-08-31;;active;526526205;unknown
C02418;4535;4535;bus;;;1033;Transdev Cœur Essonne;;Cœur d’Essonne;d282be;000000;21 38 0 0;000000;true;true;true;A00296;BRETIGNY-SUR-ORGE (RER)  - BONDOUFLE (GARE);;;;2021-01-19;;active;525525405;partial
C02427;442;442;bus;localBus;;1032;Transdev Côteaux de la Marne;;Marne et Seine;ff82b4;000000;0 47 11 0;000000;unknown;true;true;A00466;SUCY-EN-BRIE (R.E.R.)  - NOISEAU (POSTE);;;;2021-01-04;;active;521521022;true
C02428;446;446;bus;localBus;;1032;Transdev Côteaux de la Marne;;Marne et Seine;00643c;ffffff;100 0 83 24;ffffff;unknown;true;true;A00077;Champigny sur Marne (Gare RER Champigny) - Pontault Combault (Gare RER Pontault Combault);;;;2021-01-04;;active;521521071;true
C02442;Bus de substitution du RER A;BUSRERA;bus;;REPLACEMENT_LINE_TYPE;800;SNCF;1035/100;RER;f7403a;ffffff;0 74 77 3;ffffff;unknown;unknown;unknown;A01856;RER A;;;;2021-06-26;;active;100100720;unknown
C02449;4451;4451;bus;;SEASONAL_LINE_TYPE;1018;Francilité Ouest Essonne;;Essonne Sud Ouest;98d4e2;000000;33 6 0 11;000000;unknown;unknown;unknown;A02421;Gare de Dourdan - Gare de Dourdans (via boulevard des Allies);;;;2021-08-23;;active;524524041;partial
C02452;4454;4454;bus;;;1018;Francilité Ouest Essonne;;Essonne Sud Ouest;8e6539;ffffff;0 29 60 44;ffffff;unknown;unknown;unknown;A02425;Avenue de Paris - Champs de courses;;;;2021-08-23;;active;524524044;partial
C02453;4455;4455;bus;;SEASONAL_LINE_TYPE;1018;Francilité Ouest Essonne;;Essonne Sud Ouest;00b397;ffffff;100 0 16 30;ffffff;unknown;unknown;unknown;A02426;Jubé de la Perelle - Champs de courses;;;;2021-08-23;;active;524524045;partial
C02456;439;439;bus;regionalBus;;1032;Transdev Côteaux de la Marne;;Marne et Seine;ff82b4;000000;0 47 11 0;000000;unknown;true;true;A02432;Gare de Sucy Bonneuil - Gare de Sucy Bonneuil (via port de Bonneuil);;;;2021-08-19;;active;521521009;true
C02468;TàD 4595 Cœur d'Essonne;TàD 4595;bus;demandAndResponseBus;;1033;Transdev Cœur Essonne;;Cœur d’Essonne;0055c8;ffffff;100 54 0 0;ffffff;unknown;unknown;unknown;A02537;LONGPONT-SUR-ORGE LE PERRAY - LONGPONT-SUR-ORGE LINAS;Réservation obligatoire;"3 possibilités pour réserver :
L’application TAD Ile-de-France Mobilités
Le site Internet de TAD https://tad.idfmobilites.fr/
Le n° vert 09 70 80 96 63 (du L au V de 9h à 18h, sauf les jours fériés)";;2020-11-16;;active;525525602;true
C02471;Bus de substitution du métro 12;BUSM12;bus;;REPLACEMENT_LINE_TYPE;100;RATP;1035;;007852;ffffff;100 0 33 53;ffffff;unknown;true;true;A01545;12;;;https://data.iledefrance-mobilites.fr/api/explore/v2.1/catalog/datasets/referentiel-des-lignes/files/68749e9f1ce05a0a4cae6610f95eecc0;2022-04-21;;active;100100712;unknown
C02472;4414;4414;bus;;;1018;Francilité Ouest Essonne;;Essonne Sud Ouest;00b397;ffffff;100 0 16 30;ffffff;unknown;unknown;unknown;A02450;Chauffour-lés-Etréchy - Collège de Guinette;;;;2022-07-04;;active;524524033;partial
C02473;4415;4415;bus;;;1018;Francilité Ouest Essonne;;Essonne Sud Ouest;f28e42;000000;0 41 73 5;000000;unknown;unknown;unknown;A02451;Brières-les-Scellés - Etampes;;;;2022-07-04;;active;524524034;partial
C02474;Soirée Etampes;Soir;bus;demandAndResponseBus;;1018;Francilité Ouest Essonne;;Essonne Sud Ouest;662483;ffffff;22 73 0 49;ffffff;unknown;unknown;unknown;A02458;Bus de soiree - Gare Etampes;;;;2022-07-04;;active;524524700;partial
C02485;TàD 6131;TàD;bus;demandAndResponseBus;;1017;Keolis Vélizy Vallée de la Bièvre;;Vélizy Vallées;ffbe00;000000;0 19 100 0;000000;unknown;unknown;unknown;A02608;TAD 31 - Vélizy-Villacoublay Louvois/ Vélizy-Villacoublay Mairie Annexe/ Vélizy-Villacoublay Louvois;Réservation obligatoire;Réservation obligatoire;;2022-07-04;;active;527527265;partial
C02494;Bus de substitution du métro 14;BUSM14;bus;;REPLACEMENT_LINE_TYPE;100;RATP;1035;;674ea7;ffffff;38 53 0 35;ffffff;unknown;true;true;A01547;14;;;https://data.iledefrance-mobilites.fr/api/explore/v2.1/catalog/datasets/referentiel-des-lignes/files/7b99df056fae694cd8d96c160696d757;2022-07-06;;active;100100714;false
C02497;E;E;bus;;;334;Autocars Dominique;;Paris-Saclay Mobilités;8bc63f;ffffff;30 0 68 22;ffffff;unknown;unknown;unknown;A02591;Igny - Vauhallan;;;;2022-08-16;;active;100591599;unknown
C02500;T;T;bus;;;334;Autocars Dominique;;Paris-Saclay Mobilités;ed2553;ffffff;0 84 65 7;ffffff;unknown;unknown;unknown;A02594;Les Ulis - Orsay;;;;2022-08-16;;active;100591602;unknown
C02505;Soirée Yerres Nord;Soir;bus;demandAndResponseBus;;1015;Keolis Val d'Yerres Val de Seine;;Val d'Yerres Val de Seine;652c8f;ffffff;16 39 0 44;ffffff;unknown;unknown;unknown;A02352;TAD Crosnes/ Yerres/ Brunoy/ Boussy Saint Antoine/ Quincy sous Sénart;;;;2022-08-22;;active;520520027;partial
C02507;Soirée Brunoy Sud;Soir;bus;demandAndResponseBus;;1015;Keolis Val d'Yerres Val de Seine;;Val d'Yerres Val de Seine;652c8f;ffffff;16 39 0 44;ffffff;unknown;unknown;unknown;A02352;TAD Crosnes/ Yerres/ Brunoy/ Boussy Saint Antoine/ Quincy sous Sénart;;;;2022-08-22;;active;520520027;partial
C02509;Soirée Quincy sous Sénart;Soir;bus;demandAndResponseBus;;1015;Keolis Val d'Yerres Val de Seine;;Val d'Yerres Val de Seine;652c8f;ffffff;29 69 0 44;ffffff;unknown;unknown;unknown;A02352;TAD Crosnes/ Yerres/ Brunoy/ Boussy Saint Antoine/ Quincy sous Sénart;;;;2022-08-22;;active;520520027;partial
C02511;Q;Q;bus;;;334;Autocars Dominique;;Paris-Saclay Mobilités;a3b1e4;ffffff;29 22 0 11;ffffff;unknown;unknown;unknown;A01785;H;;;;2022-01-01;;active;333591004;unknown
C02512;Bus de substitution du métro 9;BUSM09;bus;;REPLACEMENT_LINE_TYPE;100;RATP;1035;;cec73d;000000;14 0 100 11;000000;unknown;true;true;A01542;9;;;https://data.iledefrance-mobilites.fr/api/explore/v2.1/catalog/datasets/referentiel-des-lignes/files/5fe858163d92581d16bcab8aba61f26a;2022-09-09;;active;100100709;unknown
C02521;TàD Gretz-Tournan;TàD;bus;demandAndResponseBus;;1025;Keolis Portes et Val de Brie;;Pays Briard;ffcd03;000000;0 20 99 0;000000;unknown;unknown;unknown;A02703;TAD de Tournan;;;https://data.iledefrance-mobilites.fr/api/explore/v2.1/catalog/datasets/referentiel-des-lignes/files/9a886c22f0d406f52f05a6a382927b47;2023-01-01;;active;513513602;partial
C02526;N155;N155;bus;nightBus;;1010;Keolis Seine et Oise Est;;Poissy - Les Mureaux;640082;ffffff;75 100 0 0;ffffff;unknown;true;true;A02366;N155 GARE SAINT LAZARE - POISSY;;;;2022-12-01;;active;534534155;partial
C02529;T12;T12;tram;;;800;SNCF;;Transilien;a50034;000000;5 100 48 22;000000;true;true;true;A02708;T12;;;https://data.iledefrance-mobilites.fr/api/explore/v2.1/catalog/datasets/referentiel-des-lignes/files/9582f3df81d6e524d3a9065224cb75ca;2023-07-10;;active;800854012;unknown
C02538;311;311;bus;;;100;RATP;;;f58f53;000000;0 53 78 0;000000;unknown;true;true;A02711;CHELLES (Terre Ciel) - NOISIEL (gare RER);;;;2023-03-14;;active;100100311;false
C02539;16;16;bus;;;1010;Keolis Seine et Oise Est;;Poissy - Les Mureaux;3c91dc;ffffff;69 34 0 0;ffffff;unknown;true;true;A02704;VERNOUILLET-VERNEUIL Gare - MORAINVILLIERS Epinettes;;;;2023-04-09;;active;534534546;partial
C02540;19;19;bus;;;1010;Keolis Seine et Oise Est;;Poissy - Les Mureaux;ff5a00;000000;0 53 78 0;000000;unknown;true;true;A02547;Conflans-Ste-Honorine (Fin d'Oise) - Maurecourt (Julia);;;;2023-04-09;;active;534534549;partial
C02544;92;92;bus;;;1010;Keolis Seine et Oise Est;;Poissy - Les Mureaux;6e6e00;ffffff;19 0 100 33;ffffff;unknown;true;true;A02551;Les Mureaux (Gare) - Poissy (Peugeot);;;;2023-04-09;;active;534534573;partial
C02545;94;94;bus;;;1010;Keolis Seine et Oise Est;;Poissy - Les Mureaux;6e491e;ffffff;54 68 100 0;ffffff;unknown;true;true;A02552;Carrières-sous-Poissy - Poissy (Peugeot);;;;2023-04-09;;active;534534575;partial
C02548;52;52;bus;;;1010;Keolis Seine et Oise Est;;Poissy - Les Mureaux;82c8e6;000000;44 0 12 0;000000;unknown;true;true;A02555;Carrières-sous-Poissy (Pont Neuf / Ronceray) - Poissy (Le Corbusier);;;;2023-04-09;;active;534534603;partial
C02555;59;59;bus;;;1010;Keolis Seine et Oise Est;;Poissy - Les Mureaux;d2d200;000000;14 0 100 11;000000;unknown;true;true;A02562;Cergy (Gare Saint-Christophe) - St-Germain-en-Laye (L. De Vinci);;;;2023-04-09;;active;534534610;partial
C02558;66;66;bus;;;1010;Keolis Seine et Oise Est;;Poissy - Les Mureaux;00a092;ffffff;82 0 54 0;ffffff;unknown;true;true;A02565;Triel-sur-Seine (Senet) - Verneuil (Jean Zay / Notre-Dame);;;;2023-04-09;;active;534534617;partial
C02559;67;67;bus;;;1010;Keolis Seine et Oise Est;;Poissy - Les Mureaux;00643c;ffffff;100 0 83 24;ffffff;unknown;true;true;A02566;Les Mureaux (Gare) - Saint-German-en-Laye (Nicot / RER);;;;2023-04-09;;active;534534618;partial
C02562;72;72;bus;;;1010;Keolis Seine et Oise Est;;Poissy - Les Mureaux;00643c;ffffff;100 0 83 24;ffffff;unknown;true;true;A02569;Verneuil (Notre-Dame Les Oiseaux) - Achères (Lycée L. Weiss);;;;2023-04-09;;active;534534623;partial
C02567;5;5;bus;;;1010;Keolis Seine et Oise Est;;Poissy - Les Mureaux;6e6e00;ffffff;19 0 100 33;ffffff;unknown;true;true;A02542;Poissy (La Marne) - Poissy (La Bruyère);;;;2023-04-09;;active;534534511;partial
C02570;13;13;bus;;;1010;Keolis Seine et Oise Est;;Poissy - Les Mureaux;6e6e00;ffffff;46 33 100 0;ffffff;unknown;true;true;A02545;Verneuil-sur-Seine (Piscine) - Vernouillet (C. Cial Grosse Pierre);;;;2023-04-09;;active;534534544;partial
C02573;Bus de Substitution du métro 3B;BUSM03B;bus;;REPLACEMENT_LINE_TYPE;100;RATP;1035;;6ec4e8;000000;53 16 0 9;000000;unknown;true;true;A01549;3 Bis;;;;2023-04-14;;active;100100723;unknown
C02583;TàD Gare de Provins;TàD;bus;demandAndResponseBus;;1030;Francilité Grand Provinois;;Provinois - Brie et Seine;ffcc30;000000;0 19 100 0;000000;unknown;false;false;A02601;TAD d'heure de pointe CC Provinois;Réservation obligatoire;Réservation obligatoire;;2023-07-01;;active;514514600;unknown
C02589;Soir Poissy;Soir;bus;demandAndResponseBus;;1010;Keolis Seine et Oise Est;;Poissy - Les Mureaux;640082;ffffff;75 100 0 0;ffffff;unknown;true;true;A02470;BUS SOIREE POISSY - VERNEUIL-SUR-SEINE - LES MUREAUX;;;;2021-08-01;;active;534534403;partial
C02594;N137;N137;bus;nightBus;;1026;Transdev Pays de Fontainebleau;;Fontainebleau - Moret;3c91dc;ffffff;69 34 0 0;ffffff;unknown;true;true;A02476;PARIS GARE DE LYON - FONTAINEBLEAU;;;;2023-07-01;;active;516987137;partial
C02598;R;R;bus;;;334;Autocars Dominique;;Paris-Saclay Mobilités;e06666;ffffff;0 54 54 12;ffffff;unknown;unknown;unknown;A02730;Navette SRL Paris-Saclay -navette R de Linas (ligne circulaire);;;;2023-02-06;;active;100591599;unknown
C02599;4318;4318;bus;;;1016;Keolis Val d'Essonne Deux Vallées;;Essonne Sud Est;0055c8;ffffff;100 54 0 0;ffffff;unknown;unknown;unknown;A02925;Ormoy - Champcueil;;;;2023-06-07;;active;531531208;partial
C02610;3559;3559;bus;;;1031;Transdev Vallée du Loing;;Vallée du Loing - Nemours;3c91dc;ffffff;69 34 0 0;ffffff;unknown;true;true;A00868;BOULANCORT - LA CHAPELLE LA REINE - NEMOURS (GARE ROUTIERE);;;;2023-07-11;;active;517517027;partial
C02611;TàD Goêle;TàD;bus;demandAndResponseBus;;1029;Keolis Roissy Pays de France Est;;Roissy Est;fecb00;000000;0 20 100 0;000000;unknown;unknown;unknown;A02723;BDAM - TAD Goele;Réservation obligatoire;Sur l'Appli TàD Ile-de-France Mobilités, le site internet Ile-De-France Mobilités ou par téléphone au 09 70 80 96 63 de 9h à 18h du lundi au vendredi.;;2023-07-11;;active;508508759;partial
C02621;3142;3142;bus;regionalBus;;1025;Keolis Portes et Val de Brie;;Pays Briard;006db8;ffffff;100 41 0 28;ffffff;unknown;true;true;A02774;ligne 5s;;;https://data.iledefrance-mobilites.fr/api/explore/v2.1/catalog/datasets/referentiel-des-lignes/files/8f2d21b16e7b63cac6a5c15b613c165d;2023-09-05;;active;513513105;partial
C02624;N147;N147;bus;nightBus;;1039;Keolis Nord Val d’Oise;;Haut Val d'Oise;8d5e2a;ffffff;0 30 100 54;ffffff;unknown;true;true;A02797;LIGNE NOCTILIEN - PARIS - Gare de l'Est <> Gare de Persan-Beaumont;;;;2023-09-11;;active;000503147;partial
C02630;612;612;bus;localBus;;1024;Transdev Nord Seine-Saint-Denis;;Terres d'Envol;640082;ffffff;23 100 0 49;ffffff;unknown;unknown;unknown;A02789;Gare d'Aulnay-sous-Bois <> Gare de Sevran Livry;;;;2023-11-07;;active;507507612;partial
C02635;N160;N160;bus;nightBus;;1037;Transdev Sud Yvelines;;Centre et Sud Yvelines;6e491e;ffffff;0 30 100 54;ffffff;unknown;unknown;unknown;A02501;N160 PARIS MONTPARNASSE - PLAISIR GRIGNON;;;;2024-07-08;;active;530987160;false
C02637;5234;5234;bus;;;1036;Francilité Express Ouest;;Lignes Île-de-France Ouest;0055c8;ffffff;100 54 0 0;ffffff;unknown;true;true;A02791;Villiers-Saint-Frederic _ Lycée <> Mantes-la-Jolie _ Gare;;;https://data.iledefrance-mobilites.fr/api/explore/v2.1/catalog/datasets/referentiel-des-lignes/files/43d66ab1cd164f3d00a08bd548c004f6;2023-12-05;2030-12-31;active;000538079;unknown
C02644;Bus soirée Plaisir-Grignon;Soir;bus;demandAndResponseBus;;1023;Francilité Saint-Quentin-en-Yvelines;;Saint-Quentin-en-Yvelines;652c8f;ffffff;16 39 0 44;ffffff;unknown;unknown;unknown;A02692;Bus soirée Plaisir-Grignon;;;;2023-12-12;;active;000529700;unknown
C02659;N123;N123;bus;nightBus;;1033;Transdev Cœur Essonne;;Cœur d’Essonne;a50034;ffffff;0 90 54 29;ffffff;unknown;true;true;A02534;NOCTILIEN PARIS CHATELET - ARPAJON;;;;2023-12-19;;active;000525123;true
C02665;Soirée Mantes-la-Ville;Soir;bus;demandAndResponseBus;;1011;RD Mantois;;;652c8f;ffffff;16 39 0 44;ffffff;unknown;unknown;unknown;A02474;SERVICE DIVERGENT MANTES-LA-JOLIE SUD;;;;2024-02-02;;active;000535700;unknown
C02675;Soirée Persan-Beaumont;Soir;bus;demandAndResponseBus;;1039;Keolis Nord Val d’Oise;;Haut Val d'Oise;652c8f;ffffff;16 39 0 44;ffffff;unknown;unknown;unknown;A02809;Bus soirée - Gare de Persan;;;;2024-04-08;;active;503503700;partial
C02676;4C;4C;bus;;;1019;Transdev Marne-et-Ourcq;;Meaux et Ourcq;bc85bb;000000;0 30 1 26;000000;unknown;unknown;unknown;A02934;Quincy-Voisins Champ Madame <> Saint-Germain-sur-Morin Collège Stéphane Hessel;;;;2024-09-02;;active;;partial
C02678;A03 Paris La Défense;A03 DEF;bus;;;503;Aéroport Paris-Beauvais / SAGEB;;Aérobus;e10098;ffffff;0 100 32 12;ffffff;false;false;false;;;;;;2024-03-21;;active;503503003;unknown
C02692;2150;2150;bus;;;1029;Keolis Roissy Pays de France Est;;Roissy Est;ed1c2a;ffffff;0 88 82 7;ffffff;unknown;unknown;unknown;A02861;LONGPERRIER – Lycée Charles de Gaulle | Église du Plessis-l'Êvèque;;;;2024-04-22;;active;;partial
C02695;2153;2153;bus;;;1029;Keolis Roissy Pays de France Est;;Roissy Est;e0b03b;000000;0 22 82 11;000000;unknown;unknown;unknown;A02864;MEAUX – Grands Moulins de Paris ou Henri IV | Gare de Dammartin-Juilly-Saint-Mard;;;;2024-04-22;;active;;partial
C02699;2158;2158;bus;;;1029;Keolis Roissy Pays de France Est;;Roissy Est;78c696;000000;39 0 24 22;000000;unknown;unknown;unknown;A02869;MEAUX – Henri IV ou Lycée Pierre de Coubertin | SAINT-PATHUS – Les Frênes;;;;2024-04-22;;active;;partial
C02705;1257;1257;bus;;;1040;Francilité Seine et Oise;;Cergy-Pontoise Confluence;d282be;000000;21 38 0 0;000000;unknown;unknown;unknown;A02936;Conflans - Bois d’Aulnes - Les Hautes Rayes - Gare de Fin d’Oise;;;;2024-09-02;;active;;partial
C02715;77;77;bus;;;1011;RD Mantois;;Mantois;6e491e;ffffff;0 30 100 54;ffffff;unknown;true;true;A00886;GASNY Salle des fêtes - BONNIERES SUR SEINE SNCF ou BONNIERES SUR SEINE SNCF - VERNON Saint Adjutor;;;;2024-09-02;2029-07-31;active;000535001;unknown
C02723;A04 Paris La Villette;A04 VIL;bus;;;503;Aéroport Paris-Beauvais / SAGEB;;Aérobus;003da5;ffffff;100 69 0 4;ffffff;false;false;false;;;;;;2024-11-14;;active;503503004;unknown
C02728;3772;3772;bus;localBus;;1003;Transdev Senart;;Sénart;82c8e6;000000;44 0 12 0;000000;unknown;true;true;A02942;Combs-la-ville - Gare de Combs-la-ville Quincy > Voisenon - Château du Jard;;;;2025-01-06;;active;519519266;false
C02730;26;26;bus;;;1012;Keolis Argenteuil Boucles de Seine;;Argenteuil - Boucles de Seine;00a092;ffffff;82 0 54 0;000000;unknown;unknown;unknown;A02944;Gare de Sartrouville extérieur;;;https://data.iledefrance-mobilites.fr/api/explore/v2.1/catalog/datasets/referentiel-des-lignes/files/0f08eaace650452e049385e500128108;2025-01-06;;active;;partial
C02731;25;25;bus;;;1012;Keolis Argenteuil Boucles de Seine;;Argenteuil - Boucles de Seine;ffce00;000000;0 19 100 0;000000;unknown;unknown;unknown;A00289;Gare de Sartrouville intérieure;;;https://data.iledefrance-mobilites.fr/api/explore/v2.1/catalog/datasets/referentiel-des-lignes/files/3ae5a5d024fda8de37f1e7b9f7614b98;2025-01-06;;active;;partial
C02736;4215;4215;bus;;;1038;TISSE;;Evry Centre Essonne;ff82b4;000000;0 49 29 0;000000;unknown;unknown;unknown;A01477;EVRY-COURCOURONNES (Gare d'Evry-Courcouronnes Centre) - LE PLESSIS-PATE (La Tremblaie) - VERT LE GRAND Centre de Traitement;;;https://data.iledefrance-mobilites.fr/api/explore/v2.1/catalog/datasets/referentiel-des-lignes/files/8eb6a0dc77eb59e011b8c0d467d652e5;2025-01-06;;active;;partial
C02746;TAD FLEXIGO VEXIN CENTRE;TAD;bus;demandAndResponseBus;;1007;Transdev Vexin;;;aaaaaa;000000;0 0 0 33;000000;unknown;unknown;unknown;A02325;TAD FLEXIGO VEXIN CENTRE;;;;2019-05-06;;active;;false
C02748;TAD VEXIN OUEST;TAD;bus;demandAndResponseBus;;1007;Transdev Vexin;;;aaaaaa;000000;0 0 0 33;000000;unknown;unknown;unknown;A02385;TAD VEXIN OUEST;;;;2020-05-29;;active;;false
C02756;TAD Ville de Coulommiers;TAD;bus;demandAndResponseBus;;1020;Transdev Brie et 2 Morin;;;aaaaaa;000000;0 0 0 33;000000;unknown;unknown;unknown;A02354;TAD Ville de Coulommiers;;;;2019-10-23;;active;;true
C02762;TAD Crécy la Chapelle Sud (matin);TAD;bus;demandAndResponseBus;;1020;Transdev Brie et 2 Morin;;;aaaaaa;000000;0 0 0 33;000000;unknown;unknown;unknown;A02636;TAD Crécy la Chapelle Sud (matin);;;;2022-07-06;;active;;true
C02767;Bus Soirée;Soir;bus;;;1002;Transdev Marne-la-Vallée;;Marne-la-Vallée;aaaaaa;000000;0 0 0 33;000000;unknown;unknown;unknown;A02834;BUS SOIREE BUSSY;;;;2025-02-20;;active;;partial
C02773;Soirée Yerres Nord;Soir;bus;demandAndResponseBus;;1015;Keolis Val d'Yerres Val de Seine;;;640082;ffffff;26 85 0 0;ffffff;unknown;unknown;unknown;A02957;Bus de soirée Yerres Nord;;;https://data.iledefrance-mobilites.fr/api/explore/v2.1/catalog/datasets/referentiel-des-lignes/files/5427871b3b7c36d912856012b6d1c8dd;2025-03-03;;active;;partial
C02775;Soirée Villecresnes;Soir;bus;;;1015;Keolis Val d'Yerres Val de Seine;;;640082;ffffff;16 39 0 44;ffffff;unknown;unknown;unknown;A02959;Bus de soirée Villecresnes;;;https://data.iledefrance-mobilites.fr/api/explore/v2.1/catalog/datasets/referentiel-des-lignes/files/5c2d52c232693f23700c76f4433ba9fe;2025-03-03;;active;;partial
C02787;TAD OURCQ EST;TAD;bus;demandAndResponseBus;;1019;Transdev Marne-et-Ourcq;;;aaaaaa;000000;0 0 0 33;000000;unknown;unknown;unknown;A02760;TAD OURCQ EST;;;;2023-07-31;;active;000511603;unknown
